# General
Nexus 4
7203462460819426304
# ACCELEROMETER
1302
1387463565431635838;-1.4196472;8.583389;4.6254883
1387463565498377781;-1.206604;8.341782;4.3719788
1387463565565455418;-1.3101501;8.306076;5.3336487
1387463565632716160;-0.8197937;8.07399;6.137024
1387463565700526218;-0.9042969;8.083511;5.996582
1387463565767695408;-0.7293396;8.233475;5.977539
1387463565835017185;-0.828125;8.050186;5.4217224
1387463565901942234;-0.87335205;8.301315;5.337219
1387463565969294529;-0.6043701;8.403671;5.445526
1387463566036707859;-0.994751;7.844284;4.790924
1387463566103358250;-0.64959717;8.416763;5.777588
1387463566170557957;-0.565094;8.923782;4.930176
1387463566237727146;-1.3815613;8.476273;3.5924072
1387463566305043547;-0.92453;8.834518;5.092041
1387463566371999113;-0.98165894;8.767868;4.943268
1387463566439687101;-1.1958923;8.444138;4.6362
1387463566506368009;-1.2018433;9.026138;4.5576477
1387463566573476164;-1.2125549;9.148727;4.4267273
1387463566641347258;-1.1839905;8.467941;3.6245422
1387463566707845060;-1.6731567;8.830948;4.2303467
1387463566774965727;-1.4767761;9.2582245;4.269623
1387463566842287505;-1.7671814;8.39415;4.118469
1387463566909304106;-1.8183594;8.578629;3.9411316
1387463566976381743;-1.0875854;9.147537;4.932556
1387463567044008696;-1.2613525;8.630997;4.6849976
1387463567110659087;-1.5279541;8.804764;3.5805054
1387463567177767241;-1.2030334;9.687881;4.532654
1387463567245546782;-1.2220764;9.052322;3.35437
1387463567311983550;-2.0242615;8.488174;2.6712036
1387463567379213774;-1.4458313;9.274887;4.174408
1387463567446535552;-1.1863708;9.204666;4.6469116
1387463567513460600;-1.8445435;8.564346;3.6126404
1387463567580629790;-1.1340027;8.048996;1.6738281
1387463567648043120;2.5448608;6.4172516;12.425964
1387463567714932190;2.5424805;7.008774;4.218445
1387463567782070862;0.538208;7.9763947;12.477142
1387463567849850403;1.9580994;7.996628;7.5331116
1387463567916256653;5.0751953;8.344162;8.954193
1387463567983486877;0.20852661;8.738113;7.035614
1387463568050991760;5.253723;12.716904;3.9780273
1387463568117794738;4.0052185;8.738113;6.3345947
1387463568184872375;3.6469727;3.5310516;4.0446777
1387463568252285705;-25.62207;-4.357498;-2.1835632
1387463568319088684;-23.809418;-2.0556793;-7.4786987
1387463568386318908;29.917938;19.736618;-0.43756104
1387463568454128967;-2.117096;0.2639923;10.114624
1387463568520596252;-11.281525;-3.8838043;0.23846436
1387463568588040100;-18.715424;-9.297958;-2.2502136
1387463568655087219;-21.093414;-8.712387;-2.5560913
1387463568722042785;3.6779175;7.6240997;-0.9421997
1387463568789181457;9.377716;16.273178;0.92282104
1387463568856503235;-5.7304993;1.2935028;-4.047394
1387463568923428283;-8.653595;-5.0001984;-0.1852417
1387463568990566955;-16.89682;-13.003006;1.1608582
1387463569058438049;-20.332886;-14.384811;-1.6003723
1387463569124752746;-0.7471924;-0.49653625;-1.6801147
1387463569191982971;11.371277;18.626175;0.35391235
1387463569259335266;-9.032074;3.8131256;-2.7048645
1387463569326260315;-6.923065;-0.81788635;3.2460632
1387463569393398987;-13.314362;-8.886154;2.236786
1387463569460842834;-19.023682;-14.725204;2.3950806
1387463569527737365;-17.062256;-12.437668;-3.855774
1387463569595231253;11.652161;1.0042877;2.9068604
1387463569662980277;14.539551;7.208725;14.075562
1387463569729294974;-29.34378;-8.558853;-11.115906
1387463569796342093;-13.314362;-5.248947;-3.728424
1387463569863846976;-4.5010376;3.2811127;0.046844482
1387463569930710990;6.3082275;16.383865;11.75946
1387463569997849661;-27.381165;-11.605728;-9.875732
1387463570065293509;-17.15509;-11.880661;-0.8945923
1387463570132035452;23.202911;9.925919;19.041016
1387463570199265677;-13.11441;8.517929;-1.5170593
1387463570267045218;1.5046387;9.523636;0.5705261
1387463570333573538;-3.3513184;9.426041;-0.99575806
1387463570400681693;-2.8181152;9.270126;0.2848816
1387463570468064505;-2.9621277;9.4189;-2.0835876
1387463570534923061;-2.6729126;9.578384;-2.522766
1387463570602122768;-1.5993652;9.880692;-0.31259155
1387463570669505580;1.1309204;11.3172455;2.1380005
1387463570736400112;1.4891663;11.210129;4.9087524
1387463570803538783;-3.9285583;4.8319244;3.2115479
1387463570871318324;-11.371979;-5.851181;-6.736023
1387463570937877162;-33.18689;-5.556015;-13.141602
1387463571004924282;39.281128;17.256271;13.663757
1387463571072185024;5.8464355;7.068283;21.63443
1387463571139201625;-4.868805;-14.831131;1.307251
1387463571206340297;-38.71768;-16.692581;-9.898346
1387463571273784145;28.427826;11.41008;3.8268738
1387463571340709194;6.947357;0.09379578;18.650635
1387463571407817348;-35.62201;-16.49382;-16.515778
1387463571475749477;-10.519806;-8.374374;2.3581848
1387463571542155727;24.940582;13.5048065;25.709625
1387463571609324916;-32.909576;-14.700211;-16.862122
1387463571676402553;-17.497864;-9.175369;-1.9657593
1387463571743449672;32.351868;21.648056;9.771851
1387463571810618862;-17.203888;-12.223434;8.218658
1387463571878154262;-28.12146;-18.750412;-9.480591
1387463571944896205;31.46875;9.465317;3.9923096
1387463572012034877;14.502655;-0.5917511;25.54181
1387463572080058559;-38.71768;-24.83464;-24.22937
1387463572146312221;0.33111572;-11.053482;0.31106567
1387463572213359340;31.737732;13.509567;32.947144
1387463572280864223;-36.7146;-20.605911;-16.257507
1387463572347697719;-13.11084;-11.656906;-6.305176
1387463572415069605;39.04428;23.905838;19.019592
1387463572482635523;-23.597565;-8.687393;-9.265167
1387463572549407984;-1.4517822;1.3196869;-0.80532837
1387463572616516138;19.362183;15.534073;23.987427
1387463572684326197;-13.703552;-12.588821;-1.5825195
1387463572750762964;-26.33142;-14.606186;-5.5672607
1387463572817810083;39.281128;26.987228;3.6412048
1387463572885437037;1.102356;3.5108185;15.001526
1387463572952117945;-23.651123;-12.033005;-7.8119507
1387463573019317652;-16.0625;-6.6509857;-3.4213562
1387463573086792017;30.31546;26.124344;19.058868
1387463573153594996;-13.107269;-8.143478;-0.0031433105
1387463573220733667;-27.15622;-14.228897;-7.3156433
1387463573288360621;28.409973;21.938461;2.8068848
1387463573355188545;1.2594604;5.937607;13.460236
1387463573422388252;-27.971497;-18.263626;-13.416534
1387463573489862617;-7.038513;0.3877716;-2.233551
1387463573556513008;21.46405;24.734207;16.720154
1387463573623743233;-12.750214;-12.036575;-5.3482666
1387463573691156563;-24.494965;-15.46788;-10.643402
1387463573758173164;30.57492;20.71019;2.718811
1387463573825141236;-3.4429626;-2.5805511;24.609894
1387463573892798707;-16.864685;-8.610031;-8.347534
1387463573959449098;11.547424;7.157547;-12.765503
1387463574026557252;15.995148;5.913803;11.479767
1387463574093817994;3.270874;1.7148285;20.751312
1387463574160834596;10.485779;6.40773;6.0394287
1387463574227973268;10.75;6.08638;12.987732
1387463574295447633;7.4757996;4.777176;5.489563
1387463574362311646;8.63028;5.89476;3.8947144
1387463574429389283;3.18042;3.4870148;6.087036
1387463574497077271;5.6905212;3.796463;8.23056
1387463574563727662;2.7947998;6.66362;5.3836365
1387463574630805299;4.098053;11.183945;9.800415
1387463574698157594;6.0178223;6.2637177;6.720215
1387463574765168761;7.465088;1.4196625;4.205353
1387463574832215880;7.4043884;-2.4353485;4.013733
1387463574899598692;3.7755127;-3.0459137;5.997772
1387463574966584776;4.522949;-1.2165985;11.545227
1387463575033723448;2.277069;-0.5429535;6.6595154
1387463575101594542;2.4710693;-2.452011;24.7182
1387463575168000792;-1.1947021;-0.28944397;11.619019
1387463575235231016;1.1499634;1.2518463;9.194611
1387463575302522276;1.1297302;1.3423004;9.38266
1387463575369355772;1.3630066;0.59843445;11.429779
1387463575436463927;0.8857422;2.2980194;14.019623
1387463575503999327;1.2237549;1.4446564;6.336975
1387463575570924376;-0.42941284;-1.1892242;1.1441956
1387463575637971495;-2.4789124;-0.4846344;17.048645
1387463575705842589;0.22042847;-0.19184875;10.049164
1387463575772187803;-0.035461426;-0.17875671;9.533813
1387463575839387511;-0.097351074;-0.04902649;8.8220825
1387463575906709288;0.04071045;-1.5831757;11.404785
1387463575973573302;-0.0152282715;-0.17280579;7.9377747
1387463576040803526;0.050231934;-0.46202087;10.118195
1387463576108216856;-0.13067627;-0.48820496;9.883728
1387463576175111387;-0.059265137;-0.5691376;10.127716
1387463576242219542;-0.4829712;-0.9868927;11.2464905
1387463576310029600;0.20614624;-0.8940582;11.380981
1387463576376405333;-0.56866455;0.49964905;7.5961914
1387463576443635557;1.8093262;1.1030731;4.4529114
1387463576510957335;-0.96261597;0.34135437;11.430969
1387463576577912901;-0.8269348;-0.85121155;11.101288
1387463576645193075;-0.54486084;-0.01927185;9.659973
1387463576712575888;-2.6907654;2.2932587;26.653442
1387463576779592489;-1.6850586;0.8186188;10.901337
1387463576846792196;-2.3920288;1.1840057;10.889435
1387463576914602255;-1.552948;1.775528;7.606903
1387463576981039023;0.44537354;0.51750183;7.562866
1387463577048116659;4.4598694;-2.0199738;9.719482
1387463577115377401;3.0685425;-2.8507233;11.88443
1387463577182394003;0.78933716;-0.22041321;11.226257
1387463577249532675;0.05142212;-0.8309784;7.8520813
1387463577316793417;1.5712891;-1.4974823;12.3367
1387463577383840536;2.0985413;-1.5581818;9.098206
1387463577451009726;3.7052917;-2.1092377;9.304108
1387463577518880819;3.560089;-0.6988678;9.4314575
1387463577585312223;4.3134766;-2.0140228;9.64212
1387463577652298307;3.1221008;0.9233551;10.324097
1387463577719711637;3.034027;-0.2715912;6.1275024
1387463577786636686;1.5570068;0.38182068;6.36911
1387463577853805875;4.112335;-0.42512512;11.908234
1387463577921097135;4.3515625;-1.0440216;11.260773
1387463577988052702;2.8316956;0.024765015;8.050842
1387463578055191373;2.8578796;-0.6096039;7.4283752
1387463578123092985;3.7112427;-1.1154327;9.301727
1387463578189377164;3.0828247;1.627945;12.537842
1387463578256546354;2.4841614;0.57463074;8.144867
1387463578323959684;3.1066284;1.179245;9.680206
1387463578390884733;3.8469238;0.018814087;13.005585
1387463578458023405;9.846649;-6.8795013;9.157715
1387463578525436735;2.5055847;3.1977997;8.048462
1387463578592209196;-6.407715;14.725937;4.586212
1387463578659439420;-2.2301636;9.453415;5.077759
1387463578727218961;10.056122;-9.474106;7.84375
1387463578793716764;12.873291;-8.915909;1.9082947
1387463578860855436;0.3418274;10.112778;5.746643
1387463578928238248;1.6855469;8.006149;10.225311
1387463578995163297;9.023041;-5.159683;8.634033
1387463579062301969;6.380829;-4.4610443;1.3322449
1387463579129654264;0.98095703;4.99736;3.770935
1387463579196457243;7.6483765;-1.8402557;16.161957
1387463579263717985;5.125183;-2.6519623;6.6345215
1387463579331558561;3.5743713;-0.27516174;7.1593933
1387463579398025846;2.8828735;1.6672211;13.217438
1387463579465306035;2.6531677;-0.75361633;8.862549
1387463579532505742;1.1547241;0.61628723;12.161743
1387463579599491826;0.97143555;-0.25016785;7.990143
1387463579666691533;0.35610962;0.2889862;15.061035
1387463579734013311;0.17163086;-0.26683044;9.843262
1387463579800968877;0.15615845;-0.565567;9.980133
1387463579868168584;0.08236694;0.03666687;10.111053
1387463579935917608;0.41323853;-1.2189789;9.884918
1387463580002415410;0.6274719;-1.5605621;9.425507
1387463580069737188;0.43823242;-1.1832733;9.592133
1387463580136814824;0.71435547;-1.3510895;12.891327
1387463580203831426;-0.27468872;0.089035034;9.83374
1387463580270939580;0.22280884;-0.08354187;10.28363
1387463580338413946;0.19781494;-0.45606995;10.0920105
1387463580405272486;0.33944702;-0.879776;9.930145
1387463580472441676;0.28945923;-1.8295441;9.502869
1387463580540282252;0.9583435;-0.04307556;11.602356
1387463580606810572;2.4414063E-4;0.31278992;10.243164
1387463580673949244;0.25375366;0.061660767;10.568085
1387463580741332057;0.8512268;-0.3453827;10.512146
1387463580808287623;-0.24969482;0.3318329;9.137482
1387463580875377773;-0.008087158;-0.19779968;10.077728
1387463580942760585;-0.36395264;-0.022842407;10.577606
1387463581009685634;0.36920166;-0.97380066;9.9122925
1387463581076732753;0.7929077;-1.4320221;9.108917
1387463581144603847;-0.11758423;-0.13591003;10.202698
1387463581211101650;-0.2592163;0.25090027;10.578796
1387463581278240322;0.4156189;0.19615173;10.854919
1387463581345501064;-0.0949707;0.8733673;8.637604
1387463581412365077;-0.121154785;0.36753845;7.9568176
1387463581479595302;0.9262085;0.9638214;15.694214
1387463581547008632;-0.14257813;-0.12281799;10.176514
1387463581613872646;0.21209717;-0.66197205;10.125336
1387463581681011318;0.18591309;-0.2870636;9.774231
1387463581748729824;0.9178772;-0.7333832;8.530487
1387463581815405247;0.61795044;-0.930954;12.114136
1387463581882543919;-0.7055359;0.28779602;9.683777
1387463581949865697;1.0499878;-0.52867126;8.297211
1387463582016729710;0.17877197;-0.5774689;10.34314
1387463582083959935;0.1513977;-0.6143646;10.2717285
1387463582151342747;0.44418335;-0.39537048;10.02298
1387463582218237279;0.21923828;-0.6833954;11.157227
1387463582285479976;0.0014343262;-0.04664612;10.593079
1387463582352954341;-0.010467529;-0.013320923;10.628784
1387463582419635249;0.30374146;-0.6084137;9.737335
1387463582486743404;0.78100586;-0.9273834;8.955383
1387463582554126216;0.024047852;-0.783371;13.049622
1387463582621081782;-0.0021362305;-0.3370514;10.039642
1387463582688342525;-0.0152282715;0.035476685;9.952759
1387463582755633784;0.84765625;-0.7071991;9.568329
1387463582822497798;0.67388916;-0.85240173;9.889679
1387463582889605952;0.30493164;-0.2216034;9.938477
1387463582957354976;-0.2842102;0.6579437;9.821838
1387463583023944331;0.74053955;-0.8214569;10.826355
1387463583091083003;0.42037964;-0.22041321;8.528107
1387463583158374263;0.42514038;-0.46321106;8.48288
1387463583225354923;-0.44607544;0.14616394;9.882538
1387463583292463077;0.2013855;-0.15733337;10.186035
1387463583359815372;0.057373047;-0.19541931;9.216034
1387463583426923527;0.06808472;-0.19422913;9.993225
1387463583493940128;-0.3425293;-0.40489197;10.006317
1387463583561719669;-0.1199646;-0.4608307;9.96109
1387463583628217472;-0.08306885;-0.031173706;9.939667
1387463583695447697;0.7357788;0.69602966;11.229828
1387463583762708439;0.6881714;0.09736633;9.629028
1387463583829694523;-0.06878662;0.6924591;7.637848
1387463583896680607;2.0354614;0.8495636;17.511627
1387463583964216007;0.15496826;0.061660767;10.038452
1387463584031080021;0.21209717;-0.056167603;10.180084
1387463584098188175;0.56082153;-0.8940582;10.036072
1387463584165998234;0.03475952;0.9257355;10.327667
1387463584232404484;0.19186401;0.089035034;10.1539
1387463584299665226;0.5310669;0.3377838;8.003235
1387463584366925968;-0.81622314;0.26875305;12.173645
1387463584433881535;-0.019989014;-0.11329651;10.358612
1387463584501142277;0.3894348;-0.40489197;9.776611
1387463584568403019;0.3894348;0.33540344;9.846832
1387463584635389103;-0.33776855;0.38301086;10.809692
1387463584702466740;0.2418518;0.39967346;7.022522
1387463584770215763;0.0038146973;-0.43702698;10.832306
1387463584836622013;0.03475952;0.35206604;10.007507
1387463584903943790;0.10736084;-0.5489044;9.069641
1387463584971174015;-0.13543701;0.4365692;11.43573
1387463585038160099;0.4560852;-0.15019226;8.188904
1387463585105501328;-0.06640625;-0.041885376;10.077728
1387463585172762070;0.08950806;-0.13591003;9.818268
1387463585239778672;0.3156433;0.36991882;11.797546
1387463585306947861;0.033569336;0.255661;8.253174
1387463585374696885;0.19424438;-0.052597046;7.946106
1387463585441194688;-1.6838684;0.90312195;10.499054
1387463585508333360;0.17044067;-0.2632599;10.163422
1387463585575838242;0.19781494;-0.22517395;10.161041
1387463585642580186;0.4882202;0.37586975;12.146271
1387463585709749375;0.33111572;0.14497375;7.402191
1387463585777010117;0.3406372;-0.6964874;8.823273
1387463585843965684;-0.09854126;0.08308411;10.228882
1387463585911195908;0.38467407;-0.17399597;9.955139
1387463585978975449;0.14187622;-0.20851135;10.02536
1387463586045498380;0.24780273;-0.40370178;9.684967
1387463586112606534;0.12283325;-0.018081665;10.058685
1387463586179989347;0.10379028;-0.014511108;10.520477
1387463586246975431;0.2918396;0.067611694;9.237457
1387463586314114103;0.55844116;-0.10853577;7.761627
1387463586381466398;0.0038146973;-0.34895325;10.47644
1387463586448391447;0.18710327;-0.6262665;9.886108
1387463586515438566;0.14425659;-0.36442566;9.793274
1387463586583248624;-0.56747437;0.30207825;10.815643
1387463586649746427;0.60723877;-0.25611877;8.899445
1387463586716763029;0.967865;0.10450745;14.162445
1387463586784206876;0.4906006;-0.2454071;10.02298
1387463586851101407;0.12878418;-0.11924744;9.980133
1387463586918270597;0.18115234;-0.20137024;9.853973
1387463586985683927;0.22399902;-0.47273254;9.858734
1387463587052456388;0.11569214;-0.021652222;9.732574
1387463587119717130;0.15377808;0.008102417;10.096771
1387463587187527189;0.14663696;0.022384644;10.9644165
1387463587253963956;0.059753418;0.1985321;8.586426
1387463587321194181;0.13949585;0.42823792;9.1041565
1387463587388485441;1.2749329;-0.3691864;14.233856
1387463587455441007;0.0776062;0.0342865;10.038452
1387463587522518644;0.12640381;0.005722046;9.95871
1387463587589931974;0.20495605;-0.36561584;10.036072
1387463587656704435;0.30255127;-0.36799622;9.651642
1387463587723965177;-0.12472534;0.17353821;11.169128
1387463587791927823;0.56677246;-0.095443726;9.544525
1387463587858242521;0.11331177;0.2568512;7.234375
1387463587925522743;-0.61746216;0.45680237;11.584503
1387463587992783485;0.0859375;-0.3275299;9.952759
1387463588059739052;0.15496826;-0.20851135;9.764709
1387463588127030311;0.32754517;0.25209045;11.891571
1387463588194352089;0.30374146;-0.3370514;7.831848
1387463588261216102;1.0440369;-0.5917511;8.847076
1387463588328354774;-0.18304443;-0.18470764;10.499054
1387463588396195350;0.28588867;-0.30967712;9.883728
1387463588462662636;-0.5960388;0.46037292;10.256256
1387463588529862343;-0.048553467;0.1164093;10.419312
1387463588597001015;0.967865;-0.9559479;7.877075
1387463588664048134;-0.37228394;0.47346497;10.768036
1387463588731278358;0.12045288;-0.1632843;9.805176
1387463588798630653;0.09902954;9.613037E-4;9.414795
1387463588865611251;-0.41156006;0.2889862;10.245544
1387463588932627853;0.704834;-0.6060333;10.166992
1387463589000529464;0.06213379;0.19972229;8.670929
1387463589067027267;0.49298096;0.7245941;12.384308
1387463589134104904;-0.04498291;0.091415405;9.9765625
1387463589201457199;0.08831787;-0.14543152;10.009888
1387463589268443283;0.16448975;-0.19898987;9.824219
1387463589335594444;0.24066162;0.11164856;8.469788
1387463589402977257;1.211853;-2.0425873;6.9630127
1387463589469871788;-0.546051;0.4127655;10.319336
1387463589536949425;0.14425659;-0.39179993;9.843262
1387463589604790001;0.29541016;-0.24064636;9.968231
1387463589671287804;0.8678894;-0.018081665;11.403595
1387463589738456993;0.44299316;-0.074020386;9.269592
1387463589805900841;-0.33538818;0.5270233;8.669739
1387463589872642784;0.6358032;-0.6738739;8.731628
1387463589939903526;0.039520264;0.22828674;10.397888
1387463590007286339;0.27755737;-0.041885376;9.969421
1387463590074302940;-0.15924072;0.022384644;10.863251
1387463590141350060;-0.07711792;-0.19541931;9.235077
1387463590208946495;0.2263794;0.32588196;9.243408
1387463590275682977;-0.123535156;-0.26445007;8.570953
1387463590560595087;0.2835083;-0.9880829;9.488586
1387463590565966181;0.20257568;-0.99760437;9.307678
1387463590570971063;0.275177;-0.94047546;9.296967
1387463590576006464;0.24066162;-0.7238617;9.489777
1387463590581072382;0.26089478;-0.5167694;9.606415
1387463590586077264;0.26446533;-0.5024872;9.580231
1387463590591112665;0.29421997;-0.5679474;9.477875
1387463590596148065;0.24542236;-0.5001068;9.582611
1387463590601183466;2.6091309;-0.5608063;26.622498
1387463590606218866;-2.578888;-0.05973816;5.1539307
1387463590611254266;1.0714111;0.43894958;3.6328735
1387463590616381220;0.31802368;0.008102417;6.214386
1387463590621416620;0.18948364;-0.4596405;12.736603
1387463590626360468;-0.016418457;-0.25016785;9.461212
1387463590631395868;0.6810303;-0.5358124;9.612366
1387463590636431268;-5.175873;-2.5448456;24.001709
1387463590641466669;4.258728;-0.4596405;6.598816
1387463590646502069;2.116394;-0.16685486;10.074158
1387463590651537470;-0.86502075;0.14378357;9.499298
1387463590656572870;-1.0304565;0.2985077;10.431213
1387463590661608270;-0.5996094;0.6436615;10.413361
1387463590666643671;0.13949585;0.22828674;10.240784
1387463590671679071;0.2763672;-0.004989624;10.1539
1387463590676714472;0.22280884;0.17710876;10.182465
1387463590681749872;-0.056884766;0.3139801;10.0598755
1387463590686815790;-0.2354126;0.06404114;9.986084
1387463590691820673;0.012145996;-0.02998352;10.014648
1387463590696856073;0.19781494;0.022384644;10.263397
1387463590701921991;-0.08782959;0.028335571;10.270538
1387463590706926874;-1.0685425;0.112838745;10.139618
1387463590711962274;-0.23422241;0.14378357;10.738281
1387463590716967157;0.45251465;0.20567322;11.414307
1387463590722033075;0.9523926;0.20924377;11.852295
1387463590726946405;0.9690552;0.10331726;12.07843
1387463590732042841;0.7679138;0.110458374;12.001068
1387463590737047723;0.28707886;0.010482788;11.853485
1387463590742205194;-0.029510498;-0.03593445;11.334564
1387463590747271112;-0.1199646;0.043807983;10.846588
1387463590752245477;-0.039031982;-0.04664612;10.421692
1387463590757311395;0.10379028;-0.13948059;9.989655
1387463590762346796;0.21209717;-0.08354187;9.667114
1387463590767412714;0.24066162;-0.06211853;9.12558
1387463590772417597;0.2918396;0.03904724;8.701874
1387463590777422479;0.36325073;0.2318573;8.532867
1387463590782488397;0.4060974;0.2985077;8.385284
1387463590787462763;0.4644165;0.3318329;8.336487
1387463590792467645;0.26327515;0.37586975;8.143677
1387463590797472528;0.09307861;0.29969788;8.211517
1387463590802599481;-0.05807495;0.35682678;8.269836
1387463590807573847;-0.14733887;0.44847107;8.138916
1387463590812670282;-0.14257813;0.46870422;8.259125
1387463590817675165;-0.14971924;0.43418884;8.275787
1387463590822649530;0.02166748;0.3961029;8.417419
1387463590827776483;0.1680603;0.371109;8.369812
1387463590832811884;0.20495605;0.3556366;8.560242
1387463590837908319;0.3489685;0.3139801;8.734009
1387463590842882684;0.32754517;0.31993103;8.664978
1387463590847918085;0.17163086;0.3223114;8.617371
1387463590853045038;0.1347351;0.21400452;8.617371
1387463590858019403;0.2513733;0.21043396;8.523346
1387463590863115839;0.25613403;0.21281433;8.42099
1387463590868151239;0.3668213;0.22828674;8.4198
1387463590873095087;0.37277222;0.0342865;8.585236
1387463590878161005;0.27160645;-0.14186096;8.736389
1387463590883196405;-9.460449E-4;-1.8938141;8.93158
1387463590888201288;1.0;-1.3249054;9.004181
1387463590893236688;1.06427;-0.99760437;9.161285
1387463590898363641;1.1047363;-0.72624207;9.470734
1387463590903276972;0.93573;-0.7048187;10.270538
1387463590908312372;0.8774109;0.21757507;16.489258
1387463590913408807;2.4508362;3.0835419;18.588745
1387463590918413690;0.11331177;2.500351;8.384094
1387463590923479608;-1.4458313;0.66270447;8.399567
1387463590928453973;-1.3970337;-0.18351746;10.182465
1387463590933519891;-0.5412903;-0.2953949;9.915863
1387463590938555292;0.065704346;-0.28349304;10.018219
1387463590943651727;0.21090698;-0.154953;10.775177
1387463590948595575;0.16329956;-0.18113708;10.015839
1387463590953692011;0.057373047;-0.35490417;10.200317
1387463590958696893;0.09188843;-0.32276917;10.302673
1387463590963701776;-0.10449219;-0.22398376;10.043213
1387463590968737177;-0.24850464;-0.14543152;10.096771
1387463590973772577;-0.20803833;-0.21208191;10.208649
1387463590978838495;-0.34848022;-0.33824158;10.311005
1387463590983843378;-0.3913269;-0.3120575;10.679962
1387463590988939813;-0.2842102;-0.38227844;10.314575
1387463590993975214;0.046661377;-0.43107605;9.997986
1387463590998980097;0.037139893;-0.47154236;9.669495
1387463591004015497;0.12521362;-0.5096283;10.000366
1387463591009050897;0.4489441;-0.47392273;9.842072
1387463591014208368;0.4322815;-0.61912537;9.761139
1387463591019762567;0.4560852;-0.60246277;9.853973
1387463591024248651;0.5715332;-0.62983704;9.867065
1387463591029161981;0.37753296;-0.667923;9.793274
1387463591034258417;0.275177;-0.847641;9.692108
1387463591039232782;0.42633057;-0.90953064;9.617126
1387463591044329218;0.5155945;-0.9547577;9.619507
1387463591049303583;0.53344727;-0.9035797;9.775421
1387463591054338983;0.46798706;-0.847641;9.644501
1387463591059526972;0.3834839;-0.8059845;9.620697
1387463591064409784;0.28945923;-0.8226471;9.414795
1387463591069475702;0.30374146;-0.76789856;9.424316
1387463591074480585;0.34777832;-0.71791077;9.275543
1387463591079638056;0.22399902;-0.7464752;9.25769
1387463591084612421;-0.0211792;-0.79408264;9.755188
1387463591089586786;-0.28897095;-1.0035553;9.817078
1387463591094683222;0.31207275;-0.6393585;9.498108
1387463591099596552;0.42871094;-0.50367737;9.298157
1387463591104601434;0.5215454;-0.5679474;9.207703
1387463591109636835;0.37277222;-0.7167206;9.346954
1387463591114763788;0.14782715;-0.77622986;9.3172
1387463591119738153;-0.022369385;-0.70362854;9.415985
1387463591124804071;0.02166748;-0.49653625;9.51358
1387463591129808954;0.087127686;-0.4013214;9.620697
1387463591134813837;0.9154968;-0.16566467;13.948212
1387463591140001825;-1.5160522;-0.18113708;5.219391
1387463591145006708;-1.4601135;-0.6226959;7.4628906
1387463591150103143;0.75720215;0.15092468;4.4981384
1387463591155108026;3.1137695;-0.61079407;3.2496338
1387463591160143427;-0.028320313;-0.90119934;13.492371
1387463591165239862;-2.9883118;-2.630539;25.554901
1387463591170244745;3.8909607;0.57463074;10.746613
1387463591175310663;-1.7945557;-1.0428314;15.941772
1387463591180315546;1.7974243;0.054519653;12.489044
1387463591185350946;0.47869873;1.1911469;10.973938
1387463591190325311;-0.3187256;1.7303009;11.632111
1387463591195391229;-0.6388855;1.1613922;11.070343
1387463591200396112;-1.3137207;0.58177185;10.324097
1387463591205400995;-1.0161743;0.28303528;9.658783
1387463591210375360;-0.79241943;-0.07044983;9.430267
1387463591215532831;-0.3996582;0.36634827;9.460022
1387463591220598749;-0.36871338;0.3627777;9.333862
1387463591225634149;-0.23422241;0.31755066;9.123199
1387463591230608514;0.015716553;0.31159973;8.974426
1387463591235704950;0.09188843;0.14735413;9.022034
1387463591240709833;0.20614624;-0.07640076;9.068451
1387463591245714716;0.49179077;-0.3441925;9.339813
1387463591250719598;0.7917175;-0.38108826;9.2838745
1387463591255754999;0.90597534;-0.501297;9.325531
1387463591260790399;0.93573;-0.4774933;9.177948
1387463591265825800;0.6953125;-0.35133362;8.99704
1387463591270861200;0.5155945;-0.76789856;8.618561
1387463591275896600;0.6048584;-0.8238373;8.042511
1387463591280932001;0.38705444;-0.86668396;7.8139954
1387463591285967401;0.47988892;-0.8631134;8.009186
1387463591291155389;0.64056396;-0.7571869;8.407898
1387463591296038202;0.74172974;-0.6798248;8.6935425
1387463591301073602;0.9595337;-0.47511292;9.074402
1387463591306109003;0.8762207;-0.43226624;9.476685
1387463591311205438;0.51916504;-0.469162;9.9253845
1387463591316179804;0.3251648;-0.28944397;10.187225
1387463591321276239;0.20614624;-0.054977417;10.505005
1387463591326250604;-0.45321655;1.1387787;12.903229
1387463591331286005;-1.091156;2.026657;15.180054
1387463591336321405;-1.3720398;2.2016144;14.626617
1387463591341356806;-1.0756836;1.506546;11.69043
1387463591346453241;-0.69244385;0.28541565;9.174377
1387463591351488641;-0.06878662;-0.70957947;8.499542
1387463591356493524;0.36801147;-1.1071014;8.700684
1387463591361620477;0.2597046;-1.1273346;9.105347
1387463591366594843;0.33468628;-0.78456116;9.749237
1387463591371569208;0.2013855;-0.3620453;10.177704
1387463591376604608;0.06689453;-0.19898987;10.101532
1387463591381640009;0.19067383;-0.28349304;9.814697
1387463591386675409;0.32040405;-0.5774689;9.533813
1387463591391649774;0.28707886;-0.72624207;9.539764
1387463591396654657;0.35610962;-0.7060089;9.739716
1387463591401690057;0.35491943;-0.61198425;9.76828
1387463591406725458;0.4072876;-0.5167694;9.659973
1387463591411760858;0.38467407;-0.4263153;9.7968445
1387463591416887811;0.3251648;-0.40608215;9.784943
1387463591421862177;0.2501831;-0.4763031;9.853973
1387463591426897577;0.18591309;-0.44892883;9.939667
1387463591431963495;0.275177;-0.5167694;10.130096
1387463591436937860;0.25256348;-0.58699036;10.174133
1387463591442034296;0.18353271;-0.51319885;9.851593
1387463591447130731;-0.011657715;-0.47154236;9.753998
1387463591452196649;-0.04736328;-0.34895325;9.719482
1387463591457201532;0.06689453;-0.38346863;9.824219
1387463591462236932;0.05142212;-0.28468323;9.856354
1387463591467333368;0.15258789;-0.16804504;9.869446
1387463591472246698;-0.03665161;-0.0894928;9.949188
1387463591477343134;-0.022369385;-0.11210632;9.9765625
1387463591482378534;1.0083313;0.59724426;7.5271606
1387463591487413934;-0.87454224;0.15568542;9.410034
1387463591492479852;0.25732422;0.5591583;7.015381
1387463591497484735;0.45965576;1.4149017;9.844452
1387463591502520136;1.4379883;-0.48582458;7.104645
1387463591507555536;0.2013855;-0.73576355;6.0429993
1387463591512590936;-2.5574646;-1.6260223;21.617767
1387463591517626337;1.5950928;-0.73576355;6.419098
1387463591522661737;-0.65792847;-0.417984;14.690887
1387463591527697138;1.1951904;0.13783264;10.528809
1387463591532732538;0.8048096;0.9495392;11.514282
1387463591537859491;0.4144287;1.3613434;11.523804
1387463591542803339;-0.2104187;0.685318;9.517151
1387463591547838739;-0.9995117;0.35801697;10.98584
1387463591552874139;-1.072113;0.26161194;9.609985
1387463591557909540;-0.36514282;0.13069153;9.3671875
1387463591562944940;-0.29730225;-0.060928345;9.680206
1387463591567980341;0.014526367;-0.10258484;9.643311
1387463591573015741;0.20257568;-0.25730896;9.657593
1387463591578051141;0.43585205;-0.40013123;9.783752
1387463591583117059;0.5239258;-0.46440125;9.853973
1387463591588182977;0.51797485;-0.45011902;9.744476
1387463591593157343;0.5632019;-0.4846344;9.519531
1387463591598253778;0.57748413;-0.56318665;9.438599
1387463591603228143;0.46679688;-0.73576355;9.200562
1387463591608263544;0.25375366;-0.8738251;8.916107
1387463591613298944;0.2013855;-1.0011749;8.540009
1387463591618456415;0.07284546;-0.9226227;7.9246826
1387463591623980097;0.3751526;-0.67744446;7.8461304
1387463591628405145;0.74768066;-0.49891663;7.8711243
1387463591633440546;1.0238037;-0.35133362;7.9711
1387463591638475946;0.9512024;-0.26445007;8.174622
1387463591643511347;0.6286621;-0.35133362;8.617371
1387463591648546747;0.46798706;-0.31443787;9.06012
1387463591653612665;0.34301758;-0.14900208;9.506439
1387463591658648065;0.32159424;0.13069153;9.613556
1387463591663652948;0.22399902;0.2889862;9.952759
1387463591668688348;0.1359253;0.30445862;10.047974
1387463591673784784;-0.03189087;0.42704773;10.249115
1387463591678789667;-0.31277466;0.48417664;10.416931
1387463591683825067;-0.36871338;0.53297424;10.500244
1387463591688829950;-0.33895874;0.58891296;10.396698
1387463591693895868;-0.3746643;0.5770111;10.274109
1387463591698900751;-0.50201416;0.6353302;10.231262
1387463591703936151;-0.6067505;0.5674896;9.794464
1387463591709032587;-0.66625977;0.27589417;9.454071
1387463591714006952;-0.4317932;-0.025222778;9.205322
1387463591719042352;-0.24850464;-0.20732117;9.074402
1387463591724077753;0.10974121;-0.41441345;9.013702
1387463591729021600;0.7107849;-0.4191742;9.937286
1387463591734026483;1.3534851;0.020004272;12.483093
1387463591739092401;0.93811035;0.13783264;13.67804
1387463591744158319;-9.460449E-4;0.13664246;12.360504
1387463591749163202;-0.3187256;-0.09425354;10.514526
1387463591754198602;-0.0152282715;-0.5262909;9.629028
1387463591759264520;0.4644165;-0.86906433;9.499298
1387463591764269403;0.3739624;-0.8809662;9.624268
1387463591769426874;0.14901733;-0.68577576;9.887299
1387463591774370722;0.159729;-0.45487976;10.176514
1387463591779436639;0.25256348;-0.40608215;10.176514
1387463591784533075;0.30612183;-0.36561584;10.018219
1387463591789507440;0.31921387;-0.41322327;9.856354
1387463591794542841;0.30374146;-0.47035217;9.857544
1387463591799639276;0.1680603;-0.45011902;9.858734
1387463591804613641;0.17877197;-0.32276917;9.920624
1387463591809649042;0.11569214;-0.3275299;9.920624
1387463591814684442;0.21566772;-0.35490417;9.811127
1387463591819841913;0.33468628;-0.37989807;9.801605
1387463591824724725;0.097839355;-0.33943176;9.463593
1387463591829790643;-0.16043091;-0.3763275;9.329102
1387463591834826044;-0.075927734;-0.33467102;9.349335
1387463591839861444;0.08236694;-0.26921082;9.426697
1387463591844896845;0.40252686;-0.0894928;11.432159
1387463591849932245;0.7214966;1.8362274;3.4341125
1387463591855028681;0.97262573;1.493454;11.5
1387463591860003046;4.571747;-1.6510162;2.448639
1387463591865099481;-2.1837463;-5.029953;-10.491058
1387463591870073847;1.7962341;-1.0178375;15.903687
1387463591875139764;2.2413635;-1.3641815;0.82284546
1387463591880144647;0.55130005;-0.9857025;12.162933
1387463591885180048;1.4034729;0.12831116;8.504303
1387463591890215448;-0.5805664;0.06880188;12.564026
1387463591895250848;-0.36395264;0.0045318604;11.345276
1387463591900286249;-0.0128479;0.56629944;10.740662
1387463591905321649;-0.5174866;0.67103577;10.591888
1387463591910357050;-0.89834595;0.4294281;10.513336
1387463591915392450;-0.3258667;0.5853424;9.995605
1387463591920397333;-0.2758789;0.5758209;9.64093
1387463591925371698;-0.3175354;0.31755066;9.258881
1387463591930498651;-0.48416138;0.17591858;9.023224
1387463591935534052;-0.49368286;-0.01927185;8.667358
1387463591940569452;-0.27825928;-0.302536;8.604279
1387463591945604852;0.049041748;-0.40013123;8.686401
1387463591950701288;0.41799927;-0.6226959;8.7578125
1387463591955645136;0.5477295;-0.86668396;8.2317505
1387463591960711054;0.6274719;-1.046402;8.081787
1387463591965746454;0.8595581;-1.0535431;8.2638855
1387463591970781854;1.0773621;-0.995224;8.707825
1387463591975847772;1.3225403;-0.92381287;9.002991
1387463591980852655;1.3058777;-1.046402;9.152954
1387463591985888056;0.9738159;-1.1166229;9.465973
1387463591990862421;0.86550903;-0.9047699;9.583801
1387463591995867304;0.788147;-0.68577576;9.6813965
1387463592000933222;0.685791;-0.57151794;9.776611
1387463592005968622;0.51916504;-0.39894104;9.924194
1387463592010973505;0.44180298;0.018814087;9.923004
1387463592016039423;-1.0161743;0.2985077;10.351471
1387463592021227411;-1.5327148;0.2639923;10.15152
1387463592026171259;-1.335144;0.3556366;10.136047
1387463592031206659;-0.20446777;0.87931824;11.059631
1387463592036272577;0.473938;1.0209503;12.470001
1387463592041216425;-0.1532898;0.64723206;12.370026
1387463592046221307;-0.8614502;0.1414032;10.98584
1387463592051256708;-1.0018921;-0.22993469;9.25531
1387463592056322626;0.06451416;-0.6393585;8.668549
1387463592061358026;1.660553;-0.616745;13.178162
1387463592066423944;0.37753296;-0.8143158;8.637604
1387463592071398309;0.20019531;-1.0392609;9.530243
1387463592076433710;-0.09378052;-1.0047455;10.264587
1387463592081560663;-0.16400146;-0.5667572;10.994171
1387463592086626581;0.06808472;-0.30610657;9.285065
1387463592091864407;0.0692749;-0.5429535;9.25769
1387463592096899807;0.10736084;-0.64411926;9.811127
1387463592101904690;0.074035645;-0.72862244;10.030121
1387463592106970608;0.0692749;-0.7083893;9.921814
1387463592112006008;0.10974121;-0.57270813;10.067017
1387463592117041409;0.10498047;-0.42393494;10.1241455
1387463592122107327;0.054992676;-0.2942047;10.244354
1387463592127112209;0.21328735;-0.3703766;10.131287
1387463592132147610;0.27041626;-0.3620453;10.012268
1387463592137183010;0.23114014;-0.30610657;9.809937
1387463592142218411;-9.460449E-4;-0.20851135;9.426697
1387463592147253811;-0.14257813;-0.1716156;9.549286
1387463592152289211;-0.16638184;-0.07997131;9.402893
1387463592157324612;0.008575439;-0.020462036;9.673065
1387463592162360012;0.4656067;0.7852936;8.962524
1387463592167425930;-0.024749756;1.4565582;10.684723
1387463592172430813;0.3156433;0.98643494;10.291962
1387463592177466213;4.065918;-1.521286;0.7526245
1387463592182501614;-7.2063293;-5.832138;10.753754
1387463592187506497;4.9478455;-1.3451385;6.388153
1387463592192541897;1.5534363;-1.5367584;14.138641
1387463592197607815;-0.52700806;-1.3011017;9.826599
1387463592202643215;-0.513916;-0.565567;10.543091
1387463592207587063;0.33587646;0.33540344;10.662109
1387463592212622463;0.047851563;0.5793915;10.614502
1387463592217749416;-0.1770935;0.008102417;10.125336
1387463592222937405;-0.06997681;0.2151947;9.9122925
1387463592228491604;-0.38537598;0.31755066;10.174133
1387463592232855618;-0.63531494;0.25804138;9.8992
1387463592237891018;-0.44250488;0.20210266;9.89563
1387463592242926418;-0.16519165;0.20091248;9.877777
1387463592247961819;0.005004883;0.046188354;10.045593
1387463592253058254;0.028808594;-0.15614319;10.2717285
1387463592258032620;0.24780273;-0.22993469;10.5026245
1387463592263068020;0.4156189;-0.34895325;10.593079
1387463592268103420;0.7453003;-0.2715912;10.431213
1387463592273138821;0.86431885;-0.21684265;10.241974
1387463592278174221;0.7214966;-0.2620697;10.127716
1387463592283209622;0.45013428;-0.38703918;9.757568
1387463592288245022;0.24542236;-0.47154236;9.477875
1387463592293249905;0.16329956;-0.59413147;9.220795
1387463592298315823;-0.019989014;-0.5905609;8.463837
1387463592303351223;-0.108062744;-0.5572357;8.16748
1387463592308386624;-0.005706787;-0.55604553;8.428131
1387463592313422024;0.18948364;-0.5512848;8.839935
1387463592318457424;0.3977661;-0.49772644;9.406464
1387463592323492825;0.38467407;-0.43821716;9.888489
1387463592328589260;0.20852661;-0.2858734;10.288391
1387463592333594143;0.16925049;-0.08830261;10.658539
1387463592338599026;0.10498047;0.07356262;10.948944
1387463592343664944;0.025238037;0.2485199;11.065582
1387463592348669827;-0.03665161;0.371109;11.194122
1387463592353644192;-0.15567017;0.40086365;11.350037
1387463592358679592;-0.20327759;0.45204163;11.354797
1387463592363684475;-0.250885;0.4532318;11.232208
1387463592368719875;-0.1770935;0.3639679;11.129852
1387463592373785793;-0.056884766;0.33540344;10.877533
1387463592378821194;-0.06283569;0.32112122;10.823975
1387463592383826077;-0.06640625;0.223526;10.515717
1387463592388861477;-0.067596436;0.13545227;10.118195
1387463592393988430;-0.17471313;0.0033416748;9.815887
1387463592399023831;-0.15567017;-0.13948059;9.485016
1387463592404059231;-0.17114258;-0.29301453;9.274353
1387463592409125149;0.0026245117;-0.2632599;9.069641
1387463592414130032;0.12521362;-0.29063416;8.874451
1387463592419165432;0.24780273;-0.26802063;8.54715
1387463592424322903;0.37277222;-0.34776306;8.501923
1387463592429266750;0.50250244;-0.5084381;8.398376
1387463592434271633;0.5155945;-0.667923;8.282928
1387463592439307034;0.6619873;-0.7631378;8.22818
1387463592444342434;0.7191162;-0.8297882;8.203186
1387463592449377834;0.7857666;-0.828598;8.261505
1387463592454443752;0.82266235;-0.9190521;8.311493
1387463592459509670;0.8833618;-0.8547821;8.497162
1387463592464575588;0.7869568;-0.79289246;8.672119
1387463592469549954;0.7774353;-0.71910095;8.832794
1387463592474554836;0.77505493;-0.6560211;9.164856
1387463592479620754;0.7345886;-0.57032776;9.208893
1387463592484656155;0.74887085;-0.4429779;9.375519
1387463592489752590;0.589386;-0.3846588;9.360046
1387463592494726956;0.45846558;-0.42155457;9.132721
1387463592499762356;0.307312;-0.44059753;8.993469
1387463592504797756;0.16448975;-0.5191498;8.908966
1387463592509833157;0.27041626;-0.3846588;11.126282
1387463592514899075;0.6715088;-0.15257263;13.753021
1387463592519903957;0.22399902;0.21638489;14.214813
1387463592524939358;1.3522949;2.2289886;1.3774719
1387463592530005276;-1.6017456;-0.0811615;7.9865723
1387463592535040676;0.94525146;0.123550415;3.3746033
1387463592540137112;0.19900513;-0.62745667;6.2167664
1387463592545141995;0.1513977;-0.8047943;10.389557
1387463592550116360;0.09902954;-0.5001068;8.668549
1387463592555182278;0.34420776;-0.3846588;11.347656
1387463592560217678;0.8286133;-0.42393494;8.436462
1387463592565222561;-0.21755981;-0.94880676;10.967987
1387463592570318997;0.033569336;-0.51319885;11.285767
1387463592575354397;-0.3103943;0.010482788;10.716858
1387463592580328762;-0.36990356;0.26994324;10.806122
1387463592585364163;0.028808594;0.3961029;10.2907715
1387463592590460598;-0.34729004;0.1818695;9.465973
1387463592595434963;-0.1770935;0.027145386;9.755188
1387463592600500881;0.02999878;-0.04902649;9.996796
1387463592605505764;-0.09020996;-0.17637634;9.917053
1387463592610541165;0.007385254;-0.11210632;10.0277405
1387463592615637600;-0.25445557;0.69841003;10.289581
1387463592620642483;-0.45559692;0.32112122;10.446686
1387463592625799954;-0.5174866;0.23423767;10.360992
1387463592630682766;-0.30801392;0.21162415;10.067017
1387463592635718166;-0.10449219;-0.004989624;10.068207
1387463592640723049;0.14425659;-0.13233948;10.299103
1387463592645880520;0.5548706;-0.19779968;10.261017
1387463592650824368;0.6560364;-0.31800842;10.541901
1387463592655829250;0.7774353;-0.3846588;10.107483
1387463592660925686;0.6453247;-0.469162;10.043213
1387463592665839016;0.42871094;-0.35847473;10.159851
1387463592670904934;0.14663696;-0.18946838;9.983704
1387463592675909817;0.26089478;-0.0978241;9.855164
1387463592680975735;0.20376587;-0.047836304;9.596893
1387463592685980618;0.108551025;-0.052597046;9.396942
1387463592690985500;-0.0211792;-0.07759094;9.167236
1387463592696051418;-0.17828369;-0.0978241;9.030365
1387463592701056301;-0.089019775;0.016433716;9.087494
1387463592706274807;0.0061950684;0.04975891;9.012512
1387463592711279690;0.119262695;0.029525757;9.0625
1387463592716284573;-0.043792725;0.078323364;9.091064
1387463592721319973;-0.06997681;0.053329468;9.06131
1387463592726355374;-0.003326416;0.0045318604;9.158905
1387463592731390774;0.07165527;0.089035034;9.345764
1387463592736609280;0.25613403;0.102127075;9.915863
1387463592741461575;0.25613403;0.102127075;9.915863
1387463592746496975;0.34539795;0.14616394;10.2907715
1387463592751532375;0.33587646;0.28541565;10.615692
1387463592756567776;0.17520142;0.37705994;10.566895
1387463592761603176;-0.18661499;0.4377594;10.4704895
1387463592766730129;-1.3184814;0.14616394;10.810883
1387463592771673977;-0.34609985;0.7757721;10.458588
1387463592776770413;-0.05331421;0.8245697;10.393127
1387463592781744778;-0.8031311;0.46632385;10.363373
1387463592786749661;0.37872314;0.749588;10.995361
1387463592791815579;-0.19256592;0.4627533;11.867767
1387463592796850979;0.09664917;0.36753845;11.248871
1387463592801886379;0.45965576;0.30921936;11.392883
1387463592806921780;0.3085022;0.07356262;11.607117
1387463592811957180;0.49893188;0.09260559;11.430969
1387463592816992581;0.5632019;0.05809021;11.328613
1387463592822027981;0.38705444;0.029525757;11.069153
1387463592827185452;0.22399902;0.03666687;10.828735
1387463592832770168;0.06213379;0.04737854;10.696625
1387463592837164700;0.005004883;-0.05140686;10.240784
1387463592842169582;-0.025939941;-0.1299591;9.967041
1387463592847204983;0.041900635;0.07475281;10.000366
1387463592852179348;0.17401123;0.22114563;10.062256
1387463592857245266;0.13830566;0.052139282;9.96109
1387463592862311184;0.30493164;0.010482788;9.856354
1387463592867316067;0.28826904;0.04737854;9.627838
1387463592872351467;0.33706665;-2.2888184E-4;9.581421
1387463592877417385;0.42156982;-0.0014190674;9.354095
1387463592882422268;0.41085815;0.0069122314;9.373138
1387463592887457668;0.44418335;-0.033554077;9.218414
1387463592892493069;0.4965515;0.005722046;9.037506
1387463592897528469;0.48464966;-0.05140686;8.774475
1387463592902563870;0.4477539;-0.04307556;8.538818
1387463592907538235;0.44537354;0.108078;8.254364
1387463592912543118;0.46203613;0.20448303;8.046082
1387463592917578518;0.2835083;0.26994324;7.8342285
1387463592922613918;0.17996216;0.2889862;7.65094
1387463592927649319;0.13949585;0.3306427;7.734253
1387463592932715237;0.159729;0.37825012;7.65094
1387463592937720120;0.19662476;0.34849548;7.5914307
1387463592942786038;0.1430664;-0.07878113;7.746155
1387463592947821438;0.602478;-0.0978241;7.3855286
1387463592952948391;0.9321594;-0.15257263;7.1463013
1387463592957892239;0.8916931;-0.22398376;7.2819824
1387463592962927639;0.6798401;-0.5108185;7.1094055
1387463592967963040;0.37277222;-0.7071991;7.646179
1387463592972967922;0.20019531;-0.6595917;7.837799
1387463592978003323;0.18829346;-0.5322418;8.275787
1387463592983069241;0.28231812;-0.3370514;8.732819
1387463592988104641;0.2668457;-0.26445007;9.750427
1387463592993140041;0.40014648;-0.19065857;9.680206
1387463592998205959;0.3323059;-0.15971375;9.651642
1387463593003210842;0.45370483;-0.22517395;10.238403
1387463593008215725;0.09069824;0.34254456;14.718262
1387463593013281643;2.8055115;4.8961945;37.02115
1387463593018408596;0.4894104;3.8690643;9.106537
1387463593023474514;-3.3525085;0.29374695;7.1677246
1387463593028626282;-3.4739075;-0.732193;11.471436
1387463593033539612;-0.040222168;-0.074020386;10.284821
1387463593038544495;0.8678894;0.029525757;9.989655
1387463593043579895;0.1847229;-0.46321106;10.334808
1387463593048615296;0.022857666;-0.44892883;10.02655
1387463593053681213;2.4414063E-4;-0.18708801;10.052734
1387463593058686096;0.033569336;-0.024032593;9.995605
1387463593063752014;0.10974121;-0.02760315;9.986084
1387463593068756897;0.23352051;-0.024032593;10.02655
1387463593073792297;0.24304199;-0.05378723;10.093201
1387463593078858215;0.14782715;-0.07521057;10.056305
1387463593083863098;-0.41989136;-0.25849915;10.120575
1387463593088898499;-0.23303223;-0.2942047;10.078918
1387463593093933899;0.19781494;-0.22636414;10.068207
1387463593098969299;0.33944702;-0.36442566;10.126526
1387463593104004700;0.27279663;-0.3929901;10.383606
1387463593109009583;0.21447754;-0.20256042;10.657349
1387463593114075501;0.02999878;-0.1632843;10.325287
1387463593119110901;0.033569336;-0.21089172;9.95871
1387463593124146301;0.119262695;-0.19541931;9.784943
1387463593129212219;0.22875977;-0.18113708;9.990845
1387463593134186585;0.30374146;-0.21684265;10.003937
1387463593139252503;0.30136108;-0.16090393;9.786133
1387463593144257385;0.18234253;-0.20256042;9.889679
1387463593149292786;0.22994995;-0.23469543;10.08844
1387463593154328186;0.24661255;-0.24064636;10.197937
1387463593159424622;0.21328735;-0.19303894;10.245544
1387463593164398987;0.09902954;-0.30610657;10.262207
1387463593169434387;-0.7519531;-0.8940582;10.416931
1387463593174500305;-0.089019775;-0.4679718;9.824219
1387463593179505188;0.46203613;-0.071640015;10.157471
1387463593184540588;0.7679138;0.050949097;10.21698
1387463593189575989;0.621521;-0.060928345;10.106293
1387463593194611389;0.27279663;-0.15138245;10.007507
1387463593199646790;0.06451416;-0.15376282;9.940857
1387463593204651672;0.010955811;-0.047836304;9.808746
1387463593209656555;-0.0152282715;-0.0037994385;9.608795
1387463593214691956;0.035949707;0.07356262;9.452881
1387463593219727356;-0.009277344;0.033096313;9.350525
1387463593224823792;0.08355713;-0.026412964;9.089874
1387463593229981262;0.13354492;-0.10139465;8.882782
1387463593234925110;0.13830566;-0.16090393;8.979187
1387463593239991028;0.28588867;-0.2549286;8.93277
1387463593244995911;0.2906494;-0.25849915;8.899445
1387463593250031311;0.32278442;-0.3191986;8.954193
1387463593255066712;0.31921387;-0.37394714;8.830414
1387463593260010559;0.2585144;-0.3703766;8.914917
1387463593265045960;0.26208496;-0.37275696;8.970856
1387463593270081360;0.38705444;-0.42155457;9.012512
1387463593275086243;0.4144287;-0.42512512;8.967285
1387463593280274231;0.35372925;-0.417984;9.005371
1387463593285187561;0.55130005;-0.4774933;10.261017
1387463593290192444;0.75601196;-0.29896545;11.239349
1387463593295258362;0.5727234;0.09260559;11.43692
1387463593300293762;1.4201355;1.6850739;2.8890076
1387463593305329163;-1.354187;0.0045318604;11.0513
1387463593310334046;-0.1854248;0.09379578;9.813507
1387463593315430481;1.4118042;-1.5772247;4.9361267
1387463593320435364;-0.61746216;-1.9795074;9.690918
1387463593325440247;3.463684;-1.1689911;7.0058594
1387463593330506165;1.295166;-0.60484314;9.480255
1387463593335755188;-0.81503296;-0.23350525;9.938477
1387463593340668518;-0.6567383;0.29969788;10.274109
1387463593345764954;-0.29968262;0.6043854;10.5216675
1387463593350769837;-0.030700684;0.5710602;10.305054
1387463593355774719;0.473938;0.053329468;10.195557
1387463593360901672;0.2846985;-0.114486694;10.247925
1387463593365876038;-0.15090942;-0.2454071;10.349091
1387463593370880921;-0.03189087;-0.14543152;10.529999
1387463593376007874;-0.06640625;0.07475281;10.311005
1387463593380982239;-0.21994019;0.050949097;10.09082
1387463593385987122;-0.51272583;-0.047836304;9.903961
1387463593391022522;-0.5258179;-0.05378723;10.572845
1387463593396057922;-0.15567017;-0.06211853;11.194122
1387463593401093323;0.24780273;0.08189392;11.655914
1387463593406128723;0.62628174;0.067611694;11.972504
1387463593411194641;0.8428955;0.04975891;11.893951
1387463593416260559;0.85598755;0.059280396;11.669006
1387463593421295960;0.72387695;-0.09187317;11.425018
1387463593426300842;0.6143799;-0.11924744;11.209595
1387463593431458313;0.46917725;-0.15138245;10.864441
1387463593437043030;0.43823242;-0.19184875;10.53714
1387463593441376526;0.33825684;-0.21922302;10.291962
1387463593446411926;0.33587646;-0.20018005;10.019409
1387463593451447327;0.11450195;-0.10020447;9.763519
1387463593456574280;-0.05331421;0.11759949;9.505249
1387463593461518128;-0.6531677;0.42823792;9.3029175
1387463593466645081;-1.0185547;0.38539124;8.495972
1387463593471588928;-0.70077515;0.4948883;8.080597
1387463593476624329;-0.24493408;0.7007904;8.023468
1387463593481720764;0.06808472;0.70555115;8.457886
1387463593486756165;0.5227356;0.6412811;8.168671
1387463593491730530;0.23947144;0.3223114;7.471222
1387463593496857483;-0.17590332;-0.045455933;6.971344
1387463593501801331;-0.010467529;0.06285095;6.811859
1387463593506897766;0.24780273;0.16877747;6.913025
1387463593511933167;0.33111572;0.13069153;6.964203
1387463593516938049;0.39419556;-0.024032593;7.260559
1387463593521973450;0.5310669;-0.14305115;7.7699585
1387463593527039368;0.53463745;-0.18589783;8.136536
1387463593532074768;0.61795044;-0.20732117;8.472168
1387463593537049133;0.5322571;-0.32157898;8.724487
1387463593542084534;0.45251465;-0.41679382;8.906586
1387463593547211487;0.31921387;-0.41322327;8.9565735
1387463593552155335;0.30255127;-0.41322327;8.9565735
1387463593557221253;0.2501831;-0.385849;9.275543
1387463593562226135;0.25256348;-0.37275696;9.679016
1387463593567322571;0.37872314;-0.28111267;9.851593
1387463593572296936;0.3822937;-0.24421692;10.094391
1387463593577332337;0.2918396;-0.2132721;10.366943
1387463593582520325;0.25256348;-0.2715912;10.826355
1387463593587708313;1.1356812;0.749588;14.020813
1387463593592438538;1.1356812;0.749588;14.020813
1387463593597565491;-1.1090088;-0.1632843;14.532593
1387463593602478821;-2.0813904;-0.72862244;16.82251
1387463593607514221;-0.4913025;0.040237427;12.196259
1387463593612488587;-0.24493408;0.04737854;10.826355
1387463593617523987;0.057373047;-0.154953;10.720428
1387463593622650940;-0.052124023;-0.14781189;10.560944
1387463593627594788;-0.37109375;0.010482788;10.007507
1387463593632691223;-0.59246826;-0.0014190674;9.427887
1387463593637665588;-0.92453;0.07118225;9.268402
1387463593642670471;-0.828125;0.25804138;9.412415
1387463593647827942;-0.41275024;0.5365448;9.590942
1387463593652863342;-0.35443115;0.36991882;10.02298
1387463593657868225;-0.2604065;0.19139099;10.4062195
1387463593662903626;0.06213379;0.10688782;10.845398
1387463593667939026;0.33587646;0.06523132;11.132233
1387463593672974426;0.48703003;-2.2888184E-4;11.213165
1387463593678009827;0.52749634;-0.074020386;11.156036
1387463593683045227;0.46084595;-0.14781189;11.102478
1387463593688080628;0.34420776;-0.10020447;10.946564
1387463593693116028;0.45013428;-0.11091614;10.789459
1387463593698151428;0.32992554;-0.095443726;10.79541
1387463593703186829;0.35849;-0.024032593;10.873962
1387463593708252747;0.40847778;0.03904724;10.789459
1387463593713288147;0.35372925;0.06642151;10.532379
1387463593718293030;0.17044067;0.10926819;10.206268
1387463593723358948;-0.048553467;0.07475281;9.868256
1387463593728363831;-0.302063;0.223526;9.680206
1387463593733460266;-0.74243164;0.28541565;9.279114
1387463593738343079;-0.79956055;0.24732971;8.749481
1387463593743500549;-0.4258423;0.35325623;8.468597
1387463593748505432;-0.11520386;0.36515808;8.922058
1387463593753571350;0.17401123;0.30802917;8.651886
1387463593758637268;-0.06878662;0.06285095;8.188904
1387463593763642151;-0.17233276;0.06047058;6.893982
1387463593768738587;0.4810791;-0.031173706;8.022278
1387463593773712952;1.2166138;0.07594299;8.853027
1387463593778748352;1.0928345;-0.1716156;9.074402
1387463593783783753;0.7012634;-0.6476898;8.831604
1387463593788819153;0.42990112;-0.74290466;8.432892
1387463593793854553;0.2513733;-0.84407043;8.201996
1387463593798950989;0.44299316;-0.6250763;7.934204
1387463593803925354;0.63342285;-0.48582458;8.22699
1387463593809021790;0.71554565;-0.43821716;8.628082
1387463593813996155;0.8119507;-0.4679718;9.106537
1387463593819031555;0.7453003;-0.4429779;9.341003
1387463593824066956;0.68460083;-0.2799225;9.25769
1387463593829132874;0.59295654;-0.29182434;9.077972
1387463593834229309;0.37039185;-0.15971375;8.892303
1387463593839234192;0.1763916;-0.11567688;8.839935
1387463593844208557;0.0038146973;-0.14305115;8.763763
1387463593849243958;-0.061645508;-0.09901428;8.819702
1387463593854279358;-0.1532898;-0.16566467;9.194611
1387463593859314758;-0.086639404;-0.12519836;9.530243
1387463593864380676;0.009765625;-0.047836304;10.237213
1387463593869385559;-0.36038208;0.9816742;30.021667
1387463593874451477;3.726715;2.0373688;4.6326294
1387463593879486878;-0.28182983;-0.47035217;8.193665
1387463593884613831;-1.3744202;-1.2285004;19.45996
1387463593889679749;-0.7698059;-0.03831482;15.600189
1387463593894562561;0.473938;0.040237427;11.923706
1387463593899597962;0.14425659;-0.62983704;11.226257
1387463593904633362;0.17996216;-0.54771423;11.323853
1387463593909668762;-0.040222168;-0.27397156;10.85968
1387463593914734680;-0.37704468;0.0259552;10.102722
1387463593919770081;-0.6222229;0.1164093;9.686157
1387463593924683411;-0.91500854;0.20805359;9.51358
1387463593929718811;-1.0387878;0.4377594;9.596893
1387463593934754212;-0.84954834;0.6115265;9.718292
1387463593939789612;-0.66625977;0.65675354;9.771851
1387463593944825012;-0.52700806;0.58296204;9.951569
1387463593949860413;-0.4079895;0.44013977;10.206268
1387463593954895813;-0.02355957;0.38301086;10.485962
1387463593960053284;0.12878418;0.32588196;10.72757
1387463593965027649;0.2597046;0.01524353;10.844208
1387463593970093567;0.28112793;-0.024032593;10.721619
1387463593975190003;0.30136108;-0.07997131;10.485962
1387463593980133850;0.41799927;-0.12162781;10.141998
1387463593985169251;0.3751526;-0.11567688;9.988464
1387463593990204651;0.36206055;-0.12162781;9.77066
1387463593995240051;0.35134888;-0.14424133;9.643311
1387463594000275452;0.44656372;-0.16923523;9.593323
1387463594005432922;0.4156189;-0.17399597;9.455261
1387463594010468323;0.32873535;-0.074020386;9.286255
1387463594015381653;0.23233032;0.02357483;8.953003
1387463594020417053;0.06808472;0.054519653;8.889923
1387463594025482971;-0.019989014;0.18424988;8.824463
1387463594030487854;-0.21517944;0.32112122;8.732819
1387463594035614807;-0.3175354;0.1747284;8.522156
1387463594041230042;-0.08544922;0.16163635;8.298401
1387463594045594055;0.16091919;0.19377136;8.299591
1387463594305268128;0.32754517;-0.07640076;9.151764
1387463594569184143;0.057373047;0.20924377;10.309814
1387463594574280579;0.027618408;0.10926819;10.21579
1387463594579285462;0.07046509;-0.018081665;10.006317
1387463594584351379;-0.0068969727;-0.103775024;9.783752
1387463594589447815;0.063323975;-0.11567688;9.567139
1387463594594483215;0.116882324;-0.17637634;9.400513
1387463594599549133;0.23709106;-0.1299591;9.308868
1387463594604554016;0.21328735;-0.093063354;9.276733
1387463594609589417;0.2180481;-0.04664612;9.342194
1387463594614655335;0.26446533;-0.09068298;9.269592
1387463594619660217;0.25613403;-0.071640015;9.268402
1387463594624695618;0.3085022;-0.17756653;9.18985
1387463594629731018;0.19186401;-0.154953;8.9565735
1387463594634766419;0.25732422;-0.19898987;8.831604
1387463594639862854;0.34539795;-0.2632599;8.751862
1387463594645325501;0.3406372;-0.2870636;8.666168
1387463594649872620;0.33944702;-0.30967712;8.629272
1387463594654938538;0.44656372;-0.38822937;8.626892
1387463594659943421;0.5120239;-0.39775085;8.704254
1387463594664948303;0.55249023;-0.37989807;8.607849
1387463594669983704;0.5227356;-0.27635193;8.507874
1387463594675019104;0.46203613;-0.32395935;8.567383
1387463594680023987;0.53582764;-0.39775085;8.407898
1387463594685089905;0.57748413;-0.5096283;8.451935
1387463594690125305;0.5810547;-0.48701477;8.319824
1387463594695160706;0.48583984;-0.552475;8.300781
1387463594700196106;0.3918152;-0.5929413;8.276978
1387463594705231506;0.43704224;-0.56199646;8.254364
1387463594710266907;0.33825684;-0.47392273;8.372192
1387463594715363342;0.36087036;-0.4275055;8.782806
1387463594720368225;1.7807617;0.63175964;11.483337
1387463594725403626;3.5196228;1.2292328;18.439972
1387463594730408508;0.30374146;1.9838104;13.2221985
1387463594735504944;-0.99594116;-0.010940552;12.370026
1387463594740570862;-1.1887512;-0.6512604;9.670685
1387463594745575745;-1.3327637;-0.57032776;10.166992
1387463594750580628;0.21566772;0.18782043;9.676636
1387463594755616028;0.16925049;0.3961029;9.813507
1387463594760651428;-0.366333;0.2651825;9.988464
1387463594765656311;-0.4734497;-0.004989624;9.970612
1387463594770691712;-0.09259033;-0.19541931;9.876587
1387463594775727112;-0.005706787;0.12593079;9.981323
1387463594780762512;-0.21517944;0.12712097;9.915863
1387463594785767395;-0.22946167;-0.033554077;10.0408325
1387463594790894348;0.07879639;-0.28468323;10.032501
1387463594796082337;0.30136108;-0.41441345;10.047974
1387463594800904114;0.4394226;-0.45368958;10.21936
1387463594806031067;0.2180481;-0.469162;10.40979
1387463594811005432;0.074035645;-0.39894104;10.644257
1387463594816071350;0.18710327;-0.25611877;10.998932
1387463594821045715;0.2930298;-0.22041321;11.222687
1387463594826111633;0.9024048;-0.6560211;11.554749
1387463594831116516;0.81433105;-0.3203888;11.75946
1387463594836212952;0.85717773;-0.12757874;11.439301
1387463594841278870;0.538208;-0.15019226;11.279816
1387463594846253235;0.20376587;0.031906128;10.802551
1387463594851258118;-0.13781738;0.16996765;9.801605
1387463594856293518;-0.33776855;0.28541565;9.293396
1387463594861298401;-0.27944946;0.31874084;9.235077
1387463594866303284;-0.14614868;0.3318329;9.345764
1387463594871308167;0.018096924;0.3722992;9.301727
1387463594876374085;0.095458984;0.20091248;9.368378
1387463594881409485;0.0061950684;0.2068634;9.4314575
1387463594886444885;-0.03189087;0.24137878;9.390991
1387463594891449768;-0.1199646;0.371109;9.244598
1387463594896515686;-0.13543701;0.5436859;9.141052
1387463594901581604;-0.27468872;0.60676575;9.005371
1387463594906880478;-0.2687378;0.602005;9.079163
1387463594911915878;-0.21755981;0.5603485;9.122009
1387463594917042832;-0.14257813;0.46513367;9.076782
1387463594922017197;-0.059265137;0.43894958;8.914917
1387463594927022080;-0.014038086;0.2973175;8.968475
1387463594932087998;0.09664917;0.16401672;8.87207
1387463594937123398;0.1763916;0.102127075;8.780426
1387463594942158798;0.14544678;0.017623901;8.732819
1387463594947316269;0.23590088;-0.09187317;8.579285
1387463594952229599;0.3323059;-0.13114929;8.456696
1387463594957326035;0.36087036;-0.17875671;8.344818
1387463594962300400;0.32278442;-0.3525238;8.434082
1387463594967427353;0.43585205;-0.46202087;8.540009
1387463594972371201;0.48345947;-0.39656067;8.645935
1387463594977406601;0.4560852;-0.469162;8.686401
1387463594982625107;0.5227356;-0.5108185;8.788757
1387463594987477402;0.5048828;-0.5929413;8.814941
1387463594992604355;0.4810791;-0.5322418;8.811371
1387463594997578720;0.41918945;-0.45368958;8.792328
1387463595002614121;0.3918152;-0.4013214;8.779236
1387463595007649521;0.3501587;-0.4013214;9.179138
1387463595012715439;7.7507324;1.9326324;-2.2180786
1387463595017842392;-1.6338806;-0.49891663;21.792725
1387463595022786240;-1.6338806;-0.49891663;21.792725
1387463595027760605;0.6108093;0.7662506;9.977753
1387463595032796005;-1.1720886;-0.40608215;10.101532
1387463595037892441;0.24542236;-0.24183655;10.15152
1387463595043049912;0.36206055;0.112838745;9.981323
1387463595047902207;0.11450195;0.13902283;9.926575
1387463595052937607;-0.13305664;-0.13471985;9.988464
1387463595057973007;-0.17233276;-0.2799225;9.809937
1387463595063038925;0.038330078;-0.07640076;9.882538
1387463595068135361;0.1026001;0.16044617;9.864685
1387463595073140244;-0.07949829;-2.2888184E-4;9.923004
1387463595078114609;-0.059265137;-0.21803284;9.8932495
1387463595083150009;0.13949585;-0.32276917;9.937286
1387463595088246445;0.30136108;-0.3037262;9.990845
1387463595093281845;0.24780273;-0.21922302;10.02655
1387463595098317246;0.3989563;-0.19898987;9.951569
1387463595103261093;0.22518921;-0.10734558;9.983704
1387463595108327011;0.23114014;-0.116867065;10.1241455
1387463595113331894;0.27041626;-0.24064636;10.130096
1387463595118397812;0.25613403;-0.28468323;10.375275
1387463595123402695;0.275177;-0.21684265;10.541901
1387463595128438095;0.2597046;-0.20732117;10.828735
1387463595133656601;0.307312;-0.2715912;11.648773
1387463595138600449;1.3368225;-0.5489044;13.351929
1387463595143544296;1.3808594;-0.7143402;13.019867
1387463595148579697;0.83099365;-0.44535828;13.121033
1387463595153645615;0.57510376;-0.15614319;12.5914
1387463595158803085;0.2513733;0.25209045;11.859436
1387463595163685898;-0.22589111;0.49131775;10.808502
1387463595168690781;-0.4567871;0.6579437;10.050354
1387463595173695664;-0.6376953;0.7448273;9.817078
1387463595178761582;-0.57818604;0.78648376;9.749237
1387463595183766464;-0.31991577;0.7115021;9.624268
1387463595188801865;-0.1699524;0.5270233;9.483826
1387463595193837265;-0.1282959;0.38301086;9.094635
1387463595198872666;-0.24493408;0.23899841;9.017273
1387463595203908066;-0.054504395;0.43537903;8.699493
1387463595208973984;-0.12591553;0.4377594;8.495972
1387463595214100937;-0.33776855;0.5710602;8.297211
1387463595219105820;-0.4829712;0.54963684;8.10083
1387463595224110703;-0.32824707;0.6269989;8.125824
1387463616056593455;-0.35324097;0.7400665;10.057495
1387463616061567820;-0.44607544;0.63414;10.042023
1387463616066572703;-0.70910645;0.18782043;10.0408325
1387463616072432078;-1.4755859;-1.2118378;9.967041
1387463616076612986;-2.2884827;-3.0006866;9.947998
1387463616081709422;-2.374176;-4.1611176;9.824219
1387463616086744822;-0.8138428;-2.9399872;9.868256
1387463616091780222;1.7724304;0.9578705;9.882538
1387463616096815623;2.5020142;3.5227203;10.02298
1387463616101851023;-0.014038086;0.980484;10.0086975
1387463616106916941;-1.9361877;-3.0887604;10.000366
1387463616111982859;0.5989075;-0.87501526;9.914673
1387463616117018260;2.0664063;2.7931366;9.901581
1387463616122023142;-1.1697083;-1.1190033;9.924194
1387463616127058543;0.050231934;-1.5284271;9.878967
1387463616132124461;1.7343445;2.2492218;9.947998
1387463616137159861;-1.2982483;-1.8045502;9.877777
1387463616142164744;1.2987366;0.60676575;9.886108
1387463616147200144;-0.28897095;0.26280212;9.95871
1387463616152235545;0.27993774;-0.9607086;9.986084
1387463616157270945;0.5536804;1.0745087;9.901581
1387463616162306345;-0.18661499;-1.1916046;9.888489
1387463616167341746;0.7012634;0.96025085;9.89563
1387463616172346629;-0.06997681;-0.9214325;9.870636
1387463616177351511;0.27160645;0.6269989;9.938477
1387463616182447947;0.4489441;-0.36323547;9.945618
1387463616187452830;-0.2354126;-0.05140686;9.937286
1387463616192488230;0.62390137;0.22590637;9.949188
1387463616197523631;-0.028320313;-0.25730896;9.881348
1387463616202589549;0.48345947;0.10926819;9.987274
1387463616207624949;0.10140991;-0.10853577;9.807556
1387463616212782420;0.29660034;-0.04307556;9.9122925
1387463616217695750;0.2680359;-0.058547974;9.930145
1387463616222761668;0.21685791;-0.058547974;9.972992
1387463616227858103;0.24661255;-0.0644989;9.871826
1387463616232801951;0.275177;-0.0811615;9.840881
1387463616237837351;0.2846985;-0.07640076;9.846832
1387463616242964304;0.21090698;-0.05140686;9.839691
1387463616247908152;0.22875977;-0.03236389;9.955139
1387463616253004588;0.2597046;0.020004272;9.977753
1387463616258009470;0.27874756;-0.0644989;9.956329
1387463616263136424;0.275177;-0.07044983;9.942047
1387463616268171824;0.24066162;-0.082351685;9.952759
1387463616273115672;0.26565552;-0.033554077;9.96109
1387463616278090037;0.25256348;-0.041885376;9.969421
1387463616283094920;0.26089478;-0.056167603;9.939667
1387463616288221873;0.21923828;-0.082351685;9.978943
1387463616293135203;0.24304199;-0.004989624;9.95752
1387463616298292674;0.24661255;-0.039505005;9.947998
1387463616303236521;0.26446533;-0.026412964;9.903961
1387463616308332957;0.1930542;-0.039505005;9.931335
1387463616313337840;0.22161865;-0.07878113;9.882538
1387463616318403758;0.23947144;-0.07759094;9.890869
1387463616323286570;0.24542236;-0.09068298;9.927765
1387463616329176463;0.2668457;-0.022842407;9.881348
1387463616334242381;0.24423218;-0.04902649;9.913483
1387463616339277781;0.23233032;-0.07759094;9.874207
1387463616344404734;0.2513733;-0.009750366;9.844452
1387463616349409617;0.20376587;-0.057357788;9.938477
1387463616354506052;0.21685791;-0.039505005;9.9253845
1387463616359449900;0.19543457;-0.09187317;9.876587
1387463616364485301;0.24066162;-0.008560181;9.936096
1387463616369581736;0.1930542;-0.106155396;9.951569
1387463616374525584;0.26089478;-0.044265747;9.919434
1387463616379530467;0.26922607;-0.074020386;9.911102
1387463616384535349;0.24661255;-0.0061798096;9.931335
1387463616389631785;0.25375366;-0.013320923;10.000366
1387463616394697703;0.27160645;-0.056167603;9.940857
1387463616399672068;0.2347107;-0.084732056;9.924194
1387463616404737986;0.22280884;-0.058547974;9.930145
1387463616409773386;0.24780273;-0.03236389;9.863495
1387463616414747752;0.23828125;-0.07521057;9.9122925
1387463616419935740;0.19781494;-0.025222778;9.918243
1387463616424971140;0.22756958;-0.058547974;9.996796
1387463616429976023;0.25256348;-0.004989624;9.956329
1387463616435102976;0.22280884;-0.015701294;9.907532
1387463616440016306;0.23590088;-0.056167603;9.869446
1387463616445051707;0.2680359;-0.012130737;9.972992
1387463616450087107;0.23590088;-0.056167603;9.89801
1387463616455183543;0.3001709;-0.028793335;9.865875
1387463616460218943;0.23352051;-0.0978241;9.914673
1387463616465193308;0.20495605;-0.060928345;9.83017
1387463616470411814;0.20257568;-0.09425354;9.859924
1387463616730177439;0.98809814;-0.2132721;9.732574
1387463616797764393;0.60842896;-0.041885376;10.326477
1387463616864872548;-0.23303223;0.6508026;10.099152
1387463616931217762;-0.11758423;0.6031952;7.6664124
1387463616999302479;-0.5162964;0.78767395;9.636169
1387463617066288563;-0.7269592;0.7007904;12.516418
1387463617133366200;0.1680603;-0.028793335;9.855164
1387463617201267811;-0.22113037;-0.32633972;10.051544
1387463617267735096;0.41204834;-0.597702;9.987274
1387463617334812733;0.3168335;0.1247406;9.9253845
1387463617402287098;0.26089478;-0.060928345;9.945618
1387463617469120594;0.25613403;-0.071640015;9.927765
1387463617536198231;0.23352051;-0.074020386;9.909912
1387463617603611561;0.22042847;-0.0644989;9.913483
1387463617670475575;0.22042847;-0.071640015;9.920624
1387463617737791883;0.24304199;-0.06568909;9.9122925
1387463617805785047;0.23114014;-0.05140686;9.919434
1387463617872069227;0.23828125;-0.0811615;9.923004
1387463617939207898;0.24304199;-0.05140686;9.9122925
1387463618006773816;0.24423218;-0.04664612;9.931335
1387463618073515760;0.24066162;-0.05378723;9.908722
1387463618140745984;0.24304199;-0.06925964;9.902771
1387463618208233113;0.24304199;-0.06211853;9.915863
# GYRO
148
1387463565811549168;-0.01550293;-0.14700317;7.6293945E-4
1387463566012904148;0.12869263;-0.03413391;0.007171631
1387463566214320164;0.513916;0.23501587;0.028533936
1387463566416097013;-0.092041016;0.20617676;0.0050354004
1387463566617390959;0.17497253;0.125;-0.023803711
1387463566818819487;0.042526245;0.058425903;-0.06687927
1387463567020357573;-0.0418396;0.040985107;0.06484985
1387463567221651518;0.17355347;0.2791748;0.032089233
1387463567423067534;-0.20632935;-0.07223511;0.0032653809
1387463567624544585;-1.3542023;-1.906189;0.13249207
1387463567825924621;-0.24157715;-0.67892456;-0.24739075
1387463568027432190;1.4859009;-1.565094;-1.14888
1387463568228878723;2.6433868;-3.0490723;-3.8170319
1387463568430203186;-0.025817871;-0.8861389;-0.58277893
1387463568631619201;0.081329346;0.8246155;-2.0457458
1387463568833065735;0.5342102;-0.3164673;0.37815857
1387463569034420715;-0.48475647;-0.08682251;-1.6516113
1387463569235867248;0.2219696;-0.6191101;1.8404083
1387463569437344299;-0.5869446;-0.008148193;-2.317749
1387463569638901907;-1.287262;0.46965027;4.4177704
1387463569840348441;-0.25689697;0.00680542;-1.2350464
1387463570041794974;-1.3157501;0.7010803;0.6775818
1387463570243088919;-0.9846344;1.2963715;3.1801758
1387463570444591030;0.3618927;0.022476196;0.16560364
1387463570646037563;-0.74823;1.0240021;0.42230225
1387463570847362026;2.607071;-2.2291107;-2.2679138
1387463571048747524;-2.6868591;-0.60806274;1.3711548
1387463571250285610;0.95755005;0.78616333;-1.8566895
1387463571451732143;-0.803772;0.33613586;-1.0976105
1387463571652995571;-0.18283081;0.3909607;-0.7746887
1387463571854655727;-0.26437378;-0.20254517;-1.2250671
1387463572055888637;-0.8208618;0.054870605;-0.44178772
1387463572257335170;-1.2352905;-0.06689453;0.73776245
1387463572459075953;-1.2292328;0.029586792;0.8050537
1387463572660369898;-0.8845825;-0.18011475;0.44189453
1387463572861755396;-1.0195313;-0.10177612;1.1646423
1387463573063293482;-0.43170166;0.25531006;0.34362793
1387463573264734444;0.16749573;0.46038818;-0.7696991
1387463573466333565;0.050354004;-0.13061523;-1.4796448
1387463573667688545;0.6064911;-0.03768921;-0.9014282
1387463573868964478;-0.8674927;0.08050537;2.4698792
1387463574070380494;-4.3417206;2.173645;5.6980896
1387463574271918580;0.43096924;0.15206909;1.9507751
1387463574473212525;0.34124756;0.19763184;-0.13665771
1387463574674659059;-0.040771484;0.16203308;0.7185364
1387463574876161192;-0.090270996;1.0898743;1.1411438
1387463575077638243;-0.4794159;2.4168243;-0.11886597
1387463575279023741;0.022583008;0.15989685;0.30125427
1387463575480500792;0.36402893;-0.3065033;-0.009552002
1387463575681947325;-1.0903778;0.71424866;0.06413269
1387463575883241270;-0.09881592;-0.010284424;-0.08824158
1387463576084718321;0.08418274;0.0146484375;0.012145996
1387463576286103819;0.2561493;-0.032714844;0.013214111
1387463576487489317;0.10661316;0.06376648;0.112197876
1387463576689168905;-0.06819153;-0.56925964;0.046691895
1387463576890615439;0.23905945;-0.3620453;0.43725586
1387463577091939901;-0.31100464;0.30551147;0.55226135
1387463577293325400;-0.6684723;-0.24490356;-0.48451233
1387463577494827604;0.16357422;-1.3251343;-0.31539917
1387463577696243619;0.44413757;-0.13240051;-0.4481964
1387463577897659635;-0.62467957;-0.37557983;-0.005996704
1387463578099106168;0.21983337;0.39559937;0.09689331
1387463578300461149;0.50857544;-0.009216309;0.3411255
1387463578501968717;2.5810852;0.052368164;0.0438385
1387463578703293180;-1.1925659;-2.2743225;1.9846039
1387463578904739713;0.47190857;0.7388153;-1.166687
1387463579106186246;0.3868103;0.4059143;0.15171814
1387463579307571744;-1.0658112;1.2888947;-0.5400543
1387463579509098760;-0.61968994;0.6711731;-0.41828918
1387463579710575811;-0.2561798;0.5536804;-0.1979065
1387463579911991826;-0.34732056;-0.067596436;0.0687561
1387463580113438360;0.33911133;0.11218262;-0.096069336
1387463580314915410;-0.067840576;-0.053710938;-0.038391113
1387463580516356471;-0.04647827;0.013580322;0.07695007
1387463580717833521;0.2109375;-0.05656433;0.022476196
1387463580919292568;-0.018707275;0.015350342;0.08300781
1387463581120678066;-0.20632935;0.002532959;0.027816772
1387463581322033046;0.66275024;0.034210205;0.0032653809
1387463581523540615;-0.40037537;-0.04588318;0.050964355
1387463581725042699;-0.34376526;-0.29333496;-0.04800415
1387463581926397679;0.3942871;0.21401978;-0.013473511
1387463582127874730;-0.28715515;0.0146484375;-0.020599365
1387463582329181148;0.20880127;0.12072754;-0.029144287
1387463582530658198;-0.013366699;-0.06617737;-0.056549072
1387463582732135249;-0.38684082;-0.34353638;0.056655884
1387463582933520747;0.43452454;0.37850952;0.025680542
1387463583134906245;-0.088134766;-0.12812805;0.024261475
1387463583336408390;0.10482788;0.13853455;0.13748169
1387463583537793888;-0.03756714;-0.09680176;0.12643433
1387463583739240421;0.24368286;-0.0035095215;0.073028564
1387463583940686954;-0.24728394;7.6293945E-4;0.09225464
1387463584142041935;-0.14509583;-0.16516113;-0.023803711
1387463584343457951;0.18031311;0.17271423;-0.07862854
1387463584544904484;-0.19387817;-0.1035614;-0.033050537
1387463584746289982;0.1728363;0.12358093;-0.112091064
1387463584947705997;-0.0051727295;-0.024871826;-0.037322998
1387463585149385606;0.020095825;0.036712646;0.004333496
1387463585350801621;0.37329102;0.03527832;-0.12882996
1387463585552309190;-0.48510742;-0.1348877;-0.12989807
1387463585753633652;0.34373474;0.11289978;-0.03590393
1387463585955049668;-0.2134552;-0.057632446;0.099731445
1387463586156521329;0.07385254;0.0061035156;-0.0718689
1387463586357967863;-0.13085938;0.0061035156;-0.06866455
1387463586559322843;0.10626221;-0.01739502;-0.03590393
1387463586760738859;-1.8310547E-4;-0.0035095215;0.10044861
1387463586962215909;-0.21203613;-0.0045776367;0.05558777
1387463587163570890;0.29815674;0.009307861;-0.013824463
1387463587364986905;-0.022979736;0.017852783;-0.0035095215
1387463587566463956;-0.15008545;-0.028076172;-0.030563354
1387463587767879972;0.22731018;0.00680542;-0.0074157715
1387463587969345985;-0.29641724;-0.014907837;-0.016677856
1387463588170884071;0.33911133;0.05343628;-0.03163147
1387463588372208534;-0.5128784;0.032791138;0.051315308
1387463588573594032;0.44128418;-0.023452759;0.02923584
1387463588775309738;-0.29356384;-0.033416748;0.0061035156
1387463588976603683;0.3191681;0.018203735;0.07019043
1387463589178019699;-0.2163086;-0.02772522;-0.028427124
1387463589379539757;0.030426025;0.032073975;-0.03804016
1387463589580894737;-0.3441162;-0.035202026;-0.04373169
1387463589782402306;0.47332764;0.017852783;-0.06616211
1387463589983787804;-0.29925537;-0.051940918;0.07766724
1387463590185228876;0.28712463;0.033859253;-0.122421265
1387463590809191278;0.43403625;0.01260376;0.031417847
1387463591010668329;-0.5591736;-0.017913818;0.041030884
1387463591212023309;0.37568665;0.0061187744;-0.026763916
1387463591413408807;-0.35079956;-0.042648315;0.026901245
1387463591614916376;0.46452332;0.092681885;-0.078567505
1387463591816301874;-0.4622345;-0.10192871;-0.04093933
1387463592017687372;0.07305908;-0.021865845;-0.03666687
1387463592219397366;0.193573;0.045333862;-0.031433105
1387463592420782864;-0.23027039;-0.12173462;0.04460144
1387463592622229397;0.20358276;0.15934753;0.030532837
1387463592823645413;0.09402466;-0.030654907;0.08001709
1387463593025086243;-0.09967041;-0.02204895;-0.03517151
1387463593226441223;-0.11175537;-5.340576E-4;0.029403687
1387463593427918274;0.18263245;0.08969116;-0.009490967
1387463593629212219;-0.062576294;-0.034225464;-0.002029419
1387463593830719788;-0.01071167;-0.073410034;0.029724121
1387463594032105286;0.017196655;-0.020477295;-0.01423645
1387463594837769348;0.03378296;0.11190796;-0.026260376
1387463595039509873;-0.031280518;-0.07017517;0.01071167
1387463616975926014;0.038970947;0.17805481;-0.24880981
1387463617177342030;-0.25546265;-0.17440796;-0.047302246
1387463617378819081;0.017959595;-0.051223755;-3.0517578E-4
1387463617580204579;-0.002319336;-6.713867E-4;7.6293945E-4
1387463617781706678;-0.002319336;-6.713867E-4;0.0011291504
1387463617983214246;-0.0019683838;-0.0010223389;7.6293945E-4
1387463618184643025;-0.0026855469;-3.0517578E-4;7.6293945E-4
