# General
GT-P1000
7596222627437530112
# ACCELEROMETER
85
12782986136000;-1.1492169;10.572795;1.7621325
12783085488000;-1.0334439;10.533636;1.876203
12783185526000;-0.9568294;10.457022;1.9919759
12783285613000;-1.0708998;10.457022;2.0685904
12783386499000;-0.99598795;10.419566;2.0685904
12783489347000;-1.1100583;10.572795;1.876203
12783589509000;-1.2258313;10.533636;1.9528173
12783695683000;-1.0334439;10.342952;2.1826608
12783790676000;-1.4165162;10.496181;2.4125042
12783898748000;-1.2632873;10.266337;2.4516625
12783991284000;-1.3024458;10.266337;2.7955763
12784100018000;-1.3399017;10.266337;2.6423476
12784204843000;-1.3024458;10.303793;2.3750482
12784305769000;-1.3790601;10.342952;2.681506
12784405834000;-1.3024458;10.150564;2.718962
12784505874000;-1.4165162;10.380407;2.7581203
12784605938000;-1.3024458;10.266337;2.6423476
12784705935000;-1.3024458;10.189723;2.6048915
12784807115000;-1.3399017;10.266337;2.7581203
12784907696000;-1.3399017;10.227179;2.681506
12785007719000;-1.3399017;10.266337;2.7955763
12785107996000;-1.3790601;10.227179;2.7581203
12785208492000;-1.3024458;10.189723;2.7581203
12785308621000;-1.2632873;10.266337;2.8721907
12785408869000;-1.1866728;10.266337;2.565733
12785509516000;-1.1100583;10.303793;2.4125042
12785609790000;-1.1492169;10.342952;2.565733
12785709838000;-1.0708998;10.342952;2.565733
12785810125000;-0.99598795;10.266337;2.565733
12785911416000;-0.880215;10.266337;2.4125042
12786011229000;-0.842759;10.227179;2.4516625
12786111562000;-1.0334439;10.380407;2.6048915
12786212103000;-0.91937345;10.266337;2.4125042
12786312117000;-1.1100583;10.380407;2.4516625
12786412461000;-1.1100583;10.342952;2.4891186
12786513007000;-1.2258313;10.419566;2.5282772
12786613754000;-1.1100583;10.303793;2.4891186
12786713712000;-1.1492169;10.303793;2.4891186
12786814557000;-1.0334439;10.303793;2.4125042
12786914811000;-1.3399017;10.457022;2.6423476
12787013599000;-1.1866728;10.303793;2.2218192
12787113720000;-1.0708998;10.380407;2.2592752
12787213725000;-1.1866728;10.303793;2.6048915
12787313792000;-1.1866728;10.303793;2.718962
12787413850000;-1.2632873;10.380407;2.565733
12787514386000;-1.0334439;10.303793;2.4125042
12787615308000;-1.1100583;10.457022;1.9528173
12787715775000;-1.2632873;10.649409;1.3024458
12787815851000;-1.2258313;10.572795;1.6089035
12787916184000;-1.2258313;10.533636;1.5697451
12788015415000;-1.2632873;10.572795;1.6089035
12788115499000;-1.2258313;10.572795;1.6089035
12788215566000;-1.2632873;10.686865;1.2632873
12788315599000;-1.1100583;10.61025;1.1866728
12788415665000;-1.2632873;10.572795;1.8387469
12788517180000;-1.0708998;10.533636;1.6463596
12788616274000;-1.0334439;10.457022;2.1826608
12788717138000;-0.99598795;10.342952;2.6423476
12788817645000;-0.91937345;10.303793;2.2984338
12788917734000;-0.91937345;10.572795;1.876203
12789019115000;-0.842759;10.380407;1.7621325
12789119357000;-0.99598795;10.572795;2.1826608
12789219900000;-3.0645783;10.533636;7.6222873
12789319975000;1.3790601;8.734048;-1.9153614
12789420431000;0.30645782;7.73806;-14.670817
12789519443000;-1.1492169;4.3278656;18.770542
12789619529000;1.4165162;8.504205;-10.726024
12789719572000;-3.6008794;3.524265;16.318878
12789819660000;0.42052823;10.802638;0.22984336
12789920153000;-0.91937345;3.8681788;-4.288707
12790021315000;-1.3024458;12.525612;10.496181
12790120108000;0.880215;8.42759;-9.345261
12790220213000;-2.834735;5.209783;18.041853
12790320297000;0.15322891;9.576807;2.681506
12790420389000;-0.19068487;7.775516;-6.6262994
12790520474000;-0.72698605;9.653421;9.80665
12790620568000;-2.0685904;9.844107;5.247239
12790720615000;-0.53459865;8.962189;4.060566
12790820702000;-0.9568294;10.07395;3.408492
12790920912000;-1.5322891;10.266337;3.217807
12791021351000;-0.72698605;9.883265;2.718962
12791123925000;-1.3399017;10.380407;2.9488053
12791222337000;-1.0708998;10.07395;2.9488053
12791322662000;-1.1492169;10.227179;3.0254197
12791423399000;-0.880215;10.113109;2.3358896
# GYRO
42
12783091841000;-0.06078109;-0.044593163;0.03848451
12783291793000;-0.016798794;-0.04642576;0.008552114
12783493181000;-0.014966198;0.005192355;-0.01985312
12783698351000;-0.16065755;-0.019242255;-0.040927973
12783896409000;-0.13713925;-0.036957346;0.022602014
12784096234000;0.04184427;-0.021380283;0.032070424
12784295180000;-0.05589417;-0.028405234;0.033292156
12784491860000;-0.028405234;-0.021991149;-0.03481932
12784691881000;-0.02321288;-0.014660766;0.018325957
12784895237000;-0.01038471;-0.025961773;0.032375857
12785094851000;0.017104227;-0.03481932;0.044593163
12785294886000;0.017715093;-0.025045475;0.011301007
12785495206000;0.05681047;-0.04184427;0.053450707
12785695027000;-0.006414085;-0.04062254;0.07971791
12785895398000;0.031154128;-0.032986723;0.040317107
12786094985000;-0.004276057;-0.014049901;-0.021991149
12786295211000;-0.025961773;-0.016493361;-0.030848695
12786495252000;-0.02076942;-0.018936822;0.00580322
12786695180000;0.01282817;-0.025350908;0.01985312
12786895283000;0.04184427;-0.027183503;0.0143553335
12787091812000;-0.044898596;-0.03726278;0.015271631
12787291775000;0.010995574;-0.016187929;0.024129177
12787493150000;0.29260445;-0.06994407;0.04337143
12787695008000;0.23915374;-0.024740042;0.017715093
12787895385000;-0.028099801;-0.051923547;0.0036651916
12788091794000;0.06811147;-0.04153884;0.029626964
12788291844000;-0.105068825;-0.06780604;0.070249505
12788491851000;-0.15485434;-0.087659165;0.10629055
12788695085000;-0.011911872;-0.048258353;0.073303826
12788895257000;0.08399397;-0.005192355;-0.0027488936
12789095068000;-0.17928895;-0.032986723;-0.0036651916
12789295076000;3.431841;-1.0876455;0.81306165
12789491829000;-1.6765196;-1.8002199;-0.172264
12789691819000;-7.6944585;-0.6065892;-1.6383406
12789893251000;-4.880508;0.50915617;-1.1646146
12790091819000;0.6606508;-0.19883664;0.26083946
12790291895000;5.5579576;1.0195341;1.0274754
12790491883000;-2.7250698;0.3622431;-0.04917465
12790691876000;0.4098906;0.24098633;0.3567453
12790893136000;0.31306845;0.06658431;0.17562376
12791093118000;0.10415252;0.02076942;0.022602014
12791295949000;0.26847526;-0.036957346;0.069027774
