# General
GT-P1000
5708395640624227328
# ACCELEROMETER
169
3595414025000;-2.2218192;8.810662;5.1331687
3595434191000;-2.2218192;8.771504;5.1331687
3595454400000;-2.1435022;8.734048;5.09401
3595474862000;-2.1060462;8.734048;5.09401
3595495241000;-2.1826608;8.6574335;5.09401
3595516352000;-2.1826608;8.694889;5.09401
3595536899000;-2.1435022;8.734048;5.0565543
3595557081000;-2.2592752;8.771504;5.09401
3595579602000;-2.2984338;8.734048;5.247239
3595598377000;-2.1826608;8.694889;5.247239
3595618453000;-2.1435022;8.694889;5.247239
3595638551000;-2.1826608;8.6574335;5.247239
3595658685000;-2.1060462;8.579117;5.2863975
3595678770000;-2.0294318;8.579117;5.2863975
3595698855000;-2.0294318;8.579117;5.209783
3595721166000;-2.1060462;8.6574335;5.1331687
3595739100000;-2.2218192;8.734048;5.1706247
3595759186000;-2.2984338;8.771504;5.1706247
3595779251000;-2.2984338;8.810662;5.1331687
3595799341000;-2.2592752;8.771504;5.1331687
3595819480000;-2.2218192;8.771504;5.1706247
3595839565000;-2.1435022;8.734048;5.209783
3595859722000;-2.1435022;8.734048;5.1706247
3595879741000;-2.1826608;8.694889;5.1706247
3595899840000;-2.1435022;8.694889;5.209783
3595922479000;-2.1060462;8.694889;5.209783
3595941519000;-2.1060462;8.734048;5.0565543
3595961670000;-2.2592752;8.810662;5.0173955
3595981678000;-2.3750482;8.887277;5.0565543
3596001761000;-2.3358896;8.924733;5.0173955
3596022081000;-2.2218192;8.887277;5.0565543
3596042076000;-2.1826608;8.810662;5.1331687
3596062159000;-2.2218192;8.771504;5.09401
3596082307000;-2.2984338;8.810662;4.9799395
3596105030000;-2.2984338;8.848119;4.903325
3596122754000;-2.2984338;8.810662;4.903325
3596143036000;-2.2984338;8.848119;4.9799395
3596163122000;-2.2984338;8.887277;5.0173955
3596183215000;-2.3358896;8.962189;4.9799395
3596203317000;-2.3750482;9.001348;4.9799395
3596223339000;-2.3750482;9.001348;4.903325
3596243407000;-2.2984338;9.001348;4.8267107
3596263490000;-2.2218192;9.001348;4.7500963
3596283593000;-2.2218192;8.924733;4.5968676
3596304424000;-2.2984338;8.924733;4.5968676
3596324554000;-2.3358896;8.962189;4.634323
3596344566000;-2.3358896;8.962189;4.671779
3596364667000;-2.2984338;9.040505;4.671779
3596384752000;-2.2984338;9.077962;4.634323
3596404825000;-2.2984338;9.077962;4.7875524
3596426439000;-2.2984338;8.962189;4.9799395
3596446156000;-2.2984338;8.962189;4.940781
3596466246000;-2.2592752;8.962189;4.7875524
3596486327000;-2.2218192;8.962189;4.671779
3596506415000;-2.2592752;8.962189;4.5577087
3596526499000;-2.4125042;9.001348;4.5577087
3596546573000;-2.4891186;9.040505;4.5577087
3596566695000;-2.4891186;9.077962;4.634323
3596586723000;-2.4891186;9.077962;4.7875524
3596606805000;-2.4516625;9.040505;4.8641667
3596626876000;-2.3358896;8.924733;4.940781
3596646966000;-2.2592752;8.848119;4.9799395
3596667044000;-2.1826608;8.810662;4.9799395
3596687126000;-2.1826608;8.771504;4.903325
3596707246000;-2.1826608;8.810662;4.8267107
3596727248000;-2.1826608;8.887277;4.7875524
3596747331000;-2.2218192;8.962189;4.710938
3596767413000;-2.2592752;9.077962;4.5968676
3596787498000;-2.2218192;9.077962;4.4810944
3596807581000;-2.2218192;9.077962;4.4810944
3596827655000;-2.1435022;9.040505;4.288707
3596847888000;-2.1435022;9.001348;4.0214076
3596867893000;-2.1060462;8.887277;3.9073372
3596887970000;-2.0685904;8.6574335;4.0214076
3596908058000;-1.9919759;8.42759;4.288707
3596928139000;-1.9153614;8.196044;4.5577087
3596948273000;-2.0685904;7.8912888;5.0565543
3596968284000;-3.0645783;7.775516;6.435614
3596988439000;-3.9839518;8.504205;8.235203
3597008492000;-3.217807;8.962189;9.690877
3597028540000;-2.9113493;8.081974;12.334928
3597048630000;-2.9879637;6.8561425;15.169662
3597068719000;-1.5697451;5.66947;16.662792
3597088798000;-0.076614454;5.706926;15.360347
3597108870000;0.22984336;6.5888433;11.262325
3597129104000;0.037455957;6.742072;5.8601546
3597149116000;-0.26729932;6.243227;-0.22984336
3597169197000;-0.6503716;6.3589997;-6.6654577
3597189285000;-0.880215;8.158588;-11.682854
3597209372000;-1.6463596;10.457022;-13.6748295
3597229405000;-1.8387469;10.227179;-11.759468
3597249466000;-0.5737572;6.2823853;-4.367024
3597269558000;-0.15322891;2.4125042;8.6574335
3597289710000;-1.7621325;2.1826608;17.888624
3597309791000;-1.722974;3.102034;19.574142
3597329884000;-0.114070415;4.940781;18.807997
3597349924000;0.6895301;7.9679036;13.138528
3597370003000;1.3399017;9.959879;3.524265
3597390120000;0.99598795;10.342952;-4.4436383
3597411064000;0.076614454;9.423578;-9.154576
3597432195000;-1.3024458;8.235203;-10.342952
3597452293000;-2.6048915;5.8601546;-6.895301
3597472387000;-3.0645783;3.4476504;2.6423476
3597492534000;-3.3318775;2.0685904;14.057901
3597512620000;-2.9488053;3.1411927;19.306843
3597532637000;-1.2632873;5.899313;17.735395
3597552713000;1.0708998;8.465046;12.02847
3597572800000;2.681506;10.572795;4.367024
3597592867000;1.9919759;12.105084;-1.6463596
3597612950000;-0.26729932;11.951855;-5.363012
3597633128000;-1.8387469;10.150564;-7.085986
3597653228000;-3.217807;7.6222873;-5.09401
3597673320000;-4.251251;4.367024;4.367024
3597693415000;-4.5968676;2.565733;15.169662
3597713477000;-4.4436383;3.1411927;19.536686
3597733557000;-2.6423476;5.746084;18.004396
3597753630000;-0.15322891;8.924733;12.678842
3597773778000;1.5697451;10.533636;4.671779
3597793786000;1.0334439;10.916709;-2.8721907
3597813873000;-0.3830723;10.036493;-8.504205
3597833948000;-1.4556746;8.618275;-10.993323
3597854034000;-1.9919759;7.3924437;-10.726024
3597874119000;-2.3750482;5.363012;-6.435614
3597894195000;-3.0254197;2.834735;2.4891186
3597914430000;-4.060566;2.4125042;12.717999
3597934471000;-4.4436383;3.8681788;18.424925
3597954559000;-3.0254197;5.936769;18.195082
3597974634000;-1.1866728;7.6989017;15.207118
3597994718000;-0.4971427;7.9679036;11.836082
3598014830000;-1.3024458;7.5456724;9.653421
3598034926000;-2.7581203;7.0093713;8.504205
3598055078000;-3.8681788;6.742072;7.201759
3598075110000;-4.098022;6.6654577;5.630311
3598095199000;-3.524265;6.742072;4.8641667
3598115257000;-2.718962;6.8186865;5.209783
3598135355000;-2.2218192;6.895301;6.0133834
3598155424000;-2.1060462;7.04853;6.6262994
3598175512000;-2.1060462;7.201759;6.932757
3598195628000;-1.9153614;7.3158293;6.9719157
3598215651000;-1.722974;7.3549876;6.895301
3598235706000;-1.685518;7.431602;6.7029138
3598255801000;-1.7995884;7.584831;6.3589997
3598275937000;-2.1060462;7.775516;6.1666126
3598296017000;-2.4125042;8.0445175;6.0133834
3598316093000;-2.6423476;8.196044;5.899313
3598336230000;-2.834735;8.274362;5.8226986
3598356245000;-2.8721907;8.235203;5.8226986
3598376925000;-2.718962;8.081974;5.899313
3598396653000;-2.4516625;8.00536;5.9759274
3598416735000;-2.2592752;7.8521304;5.9759274
3598436776000;-2.1826608;7.73806;5.936769
3598456839000;-2.1435022;7.73806;5.936769
3598476969000;-2.1435022;7.8521304;5.8601546
3598497123000;-2.1826608;7.9679036;5.899313
3598597132000;-2.2984338;8.158588;6.052542
3598697295000;-2.2592752;8.350976;5.5162406
3598717546000;-2.2984338;8.42759;5.3238535
3598737368000;-2.3358896;8.388432;5.3238535
3598757457000;-2.2592752;8.350976;5.363012
3598777581000;-2.1435022;8.388432;5.2863975
3598797585000;-2.1826608;8.465046;5.209783
3598817636000;-2.3750482;8.504205;5.247239
3598845533000;-2.4125042;8.579117;4.940781
3598862658000;-2.4125042;8.618275;4.903325
3598882783000;-2.3358896;8.54166;5.1706247
3598902931000;-2.2984338;8.42759;5.5162406
3598922916000;-2.3750482;8.42759;5.899313
3598943002000;-2.4516625;8.504205;5.936769
3598963079000;-2.4891186;8.504205;5.899313
# GYRO
18
3595425487000;-0.04062254;-0.04062254;0.06627888
3595625549000;-0.015271631;-0.002443461;0.04886922
3595825449000;0.036957346;-0.010079277;0.014966198
3596025402000;0.08093964;0.008552114;0.02443461
3596225456000;0.14110987;-0.007330383;0.023823744
3596425493000;0.015577064;-0.04153884;0.013439035
3596625523000;-0.07819075;-0.035124753;0.06383542
3596825527000;-0.4746423;-0.21624629;0.020158553
3597025410000;-0.21594086;-1.2208142;0.6588182
3597225656000;-2.282498;2.652377;0.5476407
3597425414000;0.9266826;3.119078;-0.93828905
3597625876000;0.5491679;3.8234055;-0.50610185
3597825523000;1.6423112;2.5595255;-0.17256944
3598025420000;0.9896017;0.44715336;-0.36346483
3598225493000;0.4166101;0.015577064;-0.07422013
3598425673000;0.22724187;0.030543262;0.04337143
3598625587000;0.28069258;-0.04428773;0.024740042
3598825554000;0.0580322;0.008246681;0.011911872
