# General
GT-I9505
3473146605054517248
# ACCELEROMETER
75
718362321000;-1.210269;8.598776;-0.18435353
718542161000;-0.8595184;8.153454;4.7046065
718722185000;-1.198298;8.230667;-7.426215
718902605000;-1.7112557;7.969699;13.757682
719083909000;-1.2354081;8.849568;-6.7923503
719266649000;-1.9267339;7.888296;8.851962
719447191000;4.771644;11.756129;1.4095862
719627641000;-10.422559;3.2267854;0.92416185
719807847000;-1.0672154;9.205107;0.8182184
719987688000;-1.1055226;9.483433;1.0672154
720164934000;-0.81761986;9.958083;0.973243
720343797000;-1.42455;9.244612;1.608305
720523942000;11.371261;15.287577;0.27593175
720704301000;-11.138425;0.45609543;1.4335283
720888261000;-12.157158;3.3794158;-1.1270704
721068620000;19.607914;19.608511;12.293627
721249223000;-10.680533;-2.0949266;0.4914099
721429399000;-2.8263552;7.475296;3.2543187
721609575000;-3.8774097;6.8767457;1.8471266
721789323000;8.3390045;12.814366;6.9366007
721965776000;-5.7790046;4.876989;-0.24001873
722149705000;0.35673606;9.44752;3.34051
722328447000;5.065532;10.521918;4.056975
722508531000;-0.30047232;10.491392;3.0974984
722688768000;0.32202014;9.372701;3.0310593
722870622000;-0.14185645;10.785878;0.7015011
723051744000;-0.04129998;10.009559;1.7022774
723232774000;-2.1775265;9.126697;-0.2172738
723406724000;-3.1549592;7.9912467;-8.242638
723588975000;-5.151125;9.552266;8.540117
723771257000;-4.549582;-0.8571242;0.4237737
723949144000;-18.945318;1.7830818;-10.441113
724131639000;-11.101913;4.5860934;-4.531027
724311815000;-1.6639702;8.39048;5.9723363
724492265000;1.3628993;10.764331;-0.32621
724670213000;-1.3227965;9.144653;1.1192893
724850816000;-2.131438;9.512762;-0.91219085
725033403000;-1.9985598;6.218939;9.871294
725210924000;-7.097611;3.5164838;6.9108634
725392442000;19.49778;18.55985;0.055066638
725573289000;13.086108;17.62731;-1.3449428
725753129000;0.08319851;9.501988;-0.41120413
725932908000;-1.0229226;8.752603;3.6361938
726113145000;0.37469256;9.910199;0.8098387
726291917000;-1.7902644;9.268554;0.3752911
726471208000;0.30226797;10.164583;2.0853498
726653917000;-3.2758665;5.1906295;-11.137228
726833848000;0.60214174;10.943297;-16.528372
727013170000;-0.1604115;10.536881;-7.7997108
727194383000;2.356493;5.946;2.2720973
727374589000;2.9346926;11.388618;6.2488666
727554552000;0.12509704;9.428965;0.28909984
727730791000;-1.2988545;9.153033;0.06284779
727914476000;-1.4885949;9.366715;1.0139444
728095689000;-1.0360907;9.519346;0.3812766
728275560000;-6.4547677;6.678027;-1.8776526
728456010000;-3.2824504;5.573103;4.238934
728635057000;-0.6973112;4.9799395;-0.037708677
728815690000;-1.3706805;2.9041667;3.2130187
728995805000;-19.60911;-4.729147;-11.596914
729176774000;-19.515139;-8.418014;-3.7684734
729356889000;10.003573;5.543774;6.130952
729536790000;19.607914;19.608511;10.7912655
729715898000;2.7724855;-4.0773253;6.3925185
729897447000;-7.683592;1.6053122;1.1665748
730075944000;1.3275849;8.817844;2.1188686
730257493000;-0.6398504;9.208698;4.368221
730437608000;-0.95349085;9.061455;1.8489223
730618059000;-1.0049661;9.782708;8.4587145
730795274000;-4.537012;7.6255326;-8.634089
730973894000;-2.405574;7.6548615;0.41838676
731154191000;-12.489952;2.8030117;-1.8507179
731339433000;-1.2138603;12.236765;6.4386067
731515062000;0.021547815;9.9790325;4.063559
731698137000;-1.2808979;9.466075;-0.18555063
# GYRO
75
718362352000;2.6823094;-0.39278635;0.062002823
718542192000;-3.9678752;-0.36896262;-0.15577064
718722215000;2.2779164;-0.4578435;0.08827003
718902666000;-1.1007792;-0.022602014;0.056199603
719083940000;-0.4034765;-0.5103779;-0.20616703
719266679000;1.215011;0.3662137;0.19975294
719447221000;-1.0580186;0.08582657;-1.67316
719627672000;-0.42149702;1.1786644;2.2922719
719807878000;0.50488013;0.2134974;-0.9098838
719987718000;0.37720928;0.21991149;-0.12767084
720164964000;-0.03481932;0.36774087;-0.03268129
720343828000;-0.22327125;0.17073683;-0.21655174
720523973000;0.32742378;-0.44990227;-0.8604037
720704362000;-0.78954333;0.03359759;2.180789
720888322000;1.743104;0.05589417;-4.784602
721068651000;-0.829555;0.79351395;1.2904528
721249284000;-1.0088439;-0.15790866;2.5549438
721429460000;0.5342017;-0.6957755;-1.1636983
721609636000;1.3142766;-0.68936145;-1.4618006
721789384000;-0.7626653;-1.6875153;1.2257011
721965837000;1.5070046;-1.915368;0.37965274
722149766000;-1.9172006;1.8845193;-0.43279803
722328508000;0.054061573;0.3998113;-1.3316863
722508592000;-0.9682214;-3.2204816;0.83108217
722688798000;0.032375857;2.3472497;0.40133846
722870653000;0.40042216;-0.21471913;0.3005457
723051774000;-0.5357288;1.1090258;0.17592919
723232774000;0.036651913;0.19120082;-0.13927728
723406755000;4.4214425;-0.516792;-1.2938126
723589006000;0.16371189;-0.8546005;-2.062892
723771318000;-4.220773;-1.5784758;3.1511483
723949174000;2.2403483;-3.5188892;-2.4254405
724131669000;4.97;0.66950834;-1.534799
724311876000;-1.4908166;4.191452;1.6609426
724492296000;1.105666;1.7351627;-0.4156938
724670274000;1.3732251;4.174042;0.20525073
724850816000;0.048258353;1.9908098;0.15577064
725033433000;0.006414085;-1.0415252;0.36377025
725210985000;0.49296826;-4.788573;-0.5335908
725392473000;-0.20372356;0.571159;-1.5552629
725573350000;3.0338624;-2.7253752;1.0714576
725753190000;3.6233473;-5.6917367;1.3869696
725932970000;2.3109033;-1.7846428;1.1957687
726113176000;0.27855456;-2.5711317;-0.34666604
726291948000;0.032070424;0.13927728;-0.4343252
726471239000;-0.8237518;-0.70554936;-0.1282817
726653947000;-4.540561;0.15668693;-0.5204572
726833909000;0.19547687;1.3368785;0.06352998
727013231000;1.5971072;2.0112739;-2.144137
727194444000;6.602537;-1.7892243;1.8112154
727374620000;0.7623598;1.5268577;1.7394388
727554613000;0.7501425;-0.3735441;-0.021685716
727730821000;0.2782491;0.67164636;0.12064589
727914506000;0.18753563;-0.109650314;-0.10048734
728095720000;-0.08552113;-0.16340645;0.0693332
728275590000;4.4269404;-0.014660766;-1.2782356
728456041000;-5.108055;-0.8695667;-0.7495316
728635118000;6.1282;-0.8008443;-4.3930373
728815721000;-5.309641;-4.235129;4.258036
728995866000;-0.9483683;-0.9746355;-1.1221595
729176835000;3.7140608;0.24007004;-7.3511524
729356920000;2.4196372;-0.025961773;-4.485889
729536851000;-1.4309518;-1.3820826;5.1865516
729715959000;-2.9639182;-1.0323622;9.928699
729897508000;-2.853657;0.41599923;7.0860367
730076005000;-0.087659165;9.982149;1.31672
730257554000;2.166739;1.6597209;-0.160963
730437639000;1.4385877;-0.43768495;-0.50640726
730618089000;2.1533;-0.61361414;-0.070249505
730795305000;-2.526844;-2.7088819;-2.7870727
730973924000;-2.1688771;3.892128;-1.0516045
731154222000;-0.56230146;-0.2519819;-2.8420506
731339464000;3.601356;-1.0424415;0.657291
731515123000;-0.7049385;-2.0384574;1.106277
731698198000;0.11056661;1.8341229;-0.2443461
