# General
Nexus 4
4678864365611032576
# ACCELEROMETER
182
1385910307670912048;-0.195755;5.1687775;8.655334
1385910307734449646;-0.18861389;5.165207;8.635101
1385910307798048279;-0.06364441;5.273514;8.608917
1385910307861646912;-0.1219635;5.222336;8.671997
1385910307925184509;-0.13505554;5.204483;8.69223
1385910307988783142;-0.24098206;5.287796;8.549408
1385910308052320740;-0.26359558;5.223526;8.598206
1385910308115858337;-0.24217224;5.267563;8.582733
1385910308179487488;-0.26478577;5.299698;8.555359
1385910308243055603;-0.13386536;5.344925;8.530365
1385910308306623718;-0.279068;5.287796;8.619629
1385910308370161316;-0.26002502;5.2913666;8.633911
1385910308433759949;-0.29811096;5.3115997;8.531555
1385910308497328064;-0.3028717;5.358017;8.555359
1385910308561070868;-0.30882263;5.3484955;8.485138
1385910308624608465;-0.2624054;5.3365936;8.551788
1385910308688207098;-0.3040619;5.3437347;8.62558
1385910308751775213;-0.2945404;5.359207;8.597015
1385910308815495917;-0.30168152;5.337784;8.486328
1385910308878941961;-0.2873993;5.363968;8.494659
1385910308942510077;-0.32667542;5.286606;8.632721
1385910309006078192;-0.32191467;5.331833;8.574402
1385910309069615790;-0.279068;5.3294525;8.453003
1385910309133214422;-0.24217224;5.3496857;8.660095
1385910309196782538;-0.3766632;5.3044586;8.62796
1385910309260350653;-0.3040619;5.3092194;8.511322
1385910309323918768;-0.28501892;5.37706;8.611298
1385910309387486883;-0.84321594;5.102127;9.774109
1385910309451054999;0.7516327;6.262558;9.65033
1385910309514588281;-2.9141388;4.4106293;10.845276
1385910309578186914;-3.3878326;5.8626556;-2.0575256
1385910309641755029;1.3848114;4.5582123;9.956207
1385910309705292627;-4.017441;3.947647;5.971466
1385910309768891260;0.6695099;6.3292084;8.317322
1385910309832459375;6.365738;10.275864;10.532257
1385910309896027490;-5.5111237;2.9835968;14.132568
1385910309959595605;-3.8508148;4.3225555;5.3394775
1385910310023957178;-1.7299042;4.267807;3.1269226
1385910310086701318;-9.1471405;2.4860992;7.9614563
1385910310150299951;4.58284;6.870743;1.5606384
1385910310213868066;-3.8889008;4.397537;10.770294
1385910310277436182;5.9670258;8.739334;5.7060547
1385910310340973779;-4.660141;4.082138;11.399902
1385910310404572412;1.0277557;6.699356;7.9566956
1385910310468110010;-1.9429474;5.1830597;7.0224
1385910310531678125;-0.96461487;5.293747;7.92099
1385910310595246240;1.0765533;6.6517487;7.285431
1385910310658844873;0.85398865;6.475601;8.441101
1385910310722412988;-0.08149719;5.884079;7.8674316
1385910310785981103;-0.51353455;5.616287;8.81839
1385910310849549219;-1.2931061;5.486557;6.8783875
1385910310913117334;-0.7563324;5.2973175;9.708649
1385910310976654932;-1.478775;5.531784;9.851471
1385910311040223047;0.060134888;6.4648895;6.566559
1385910311103821680;3.2569733;8.3120575;1.2559509
1385910311167389795;-5.2290497;3.6822357;8.067383
1385910311231751367;-5.5944366;2.452774;13.425598
1385910311294526025;0.3386383;7.0468903;-3.3964844
1385910311358094141;-2.6939545;4.0964203;14.803833
1385910311421897906;5.469528;8.71315;0.75845337
1385910311485466021;-3.8103485;1.3411407;11.966431
1385910311549034136;10.8146515;13.811905;-2.4598083
1385910311612571734;-1.081253;2.4634857;12.485352
1385910311676139849;-1.4359283;3.4763336;14.493195
1385910311739707964;-1.1300507;11.733841;-7.910858
1385910311803306597;7.85585;7.3242035;3.732727
1385910311866813677;-0.4349823;5.385391;12.499634
1385910311930412310;3.485489;8.876205;3.1114502
1385910311993980425;0.41957092;5.8936005;7.6091614
1385910312057548541;0.3136444;6.2399445;6.5975037
1385910312121147173;1.0432281;6.4184723;8.197113
1385910312184684771;1.4181366;6.6434174;8.506561
1385910312248222369;0.78019714;6.256607;8.075714
1385910312311790484;-0.13624573;5.6555634;7.761505
1385910312375507003;0.24461365;6.0292816;6.7438965
1385910312439960128;0.29341125;5.428238;10.302551
1385910312502704269;-0.82774353;5.4318085;9.507507
1385910312566241866;-1.0610199;5.256851;9.764587
1385910312629779464;0.7766266;5.9769135;8.132843
1385910312693378097;1.6609344;6.7267303;6.933136
1385910312756915695;3.453354;7.893112;5.847687
1385910312820514327;0.23390198;8.0811615;-1.2529602
1385910312884037388;-1.9881744;3.2394867;16.346313
1385910312947605503;-1.465683;5.299698;9.486084
1385910313011173619;1.2634125;7.603897;-0.7114258
1385910313074741734;-4.3423615;4.8545685;3.7184448
1385910313138340367;5.102951;8.212082;4.5825195
1385910313201877964;3.5092926;7.0599823;17.575775
1385910313265476597;-2.4095001;7.0873566;-4.600952
1385910313329014195;4.166275;6.755295;11.917633
1385910313392582310;2.9701385;8.5750885;10.152588
1385910313456180943;-0.625412;6.1304474;9.994293
1385910313519718540;-2.7796478;5.165207;8.524414
1385910313582615269;0.5385895;6.217331;6.329712
1385910313646885288;1.0182343;6.21138;6.3666077
1385910313710453404;-0.9193878;5.1056976;10.444183
1385910313773991001;1.0325165;5.5139313;6.9605103
1385910313837707512;-3.325943;3.946457;11.5034485
1385910313901275627;1.3455353;5.0354767;2.0152893
1385910313964813225;-0.97294617;5.321121;12.397278
1385910314028381340;3.370041;6.0983124;0.37997437
1385910314091949456;-1.991745;4.5784454;9.436096
1385910314155548088;2.7261505;6.801712;8.865997
1385910314219085686;-5.6706085;3.45253;10.369202
1385910314282758700;2.5131073;7.5991364;7.766266
1385910314346326815;-2.1797943;4.9842987;6.996216
1385910314409894930;1.4633636;6.835037;6.9736023
1385910314473463046;-0.017227173;5.5460663;9.351593
1385910314537031161;-1.1395721;5.128311;9.857422
1385910314600599276;-0.026748657;5.5746307;6.368988
1385910314664136874;-1.8179779;4.555832;8.935028
1385910314727735506;-0.57185364;4.974777;8.060242
1385910314791364657;0.36958313;5.6686554;8.356598
1385910314854841219;-0.3600006;4.959305;8.573212
1385910314918439852;-0.47782898;4.704605;9.625336
1385910314982007967;-1.7180023;4.134506;8.632721
1385910315045545565;-1.2205048;4.1226044;9.327789
1385910315109144198;-2.4106903;3.6762848;9.378967
1385910315172773348;-2.050064;3.4632416;10.3573
1385910315236249911;-1.8179779;3.639389;10.252563
1385910315299846934;-1.1598053;4.6224823;8.6684265
1385910315363384531;-0.36714172;4.974777;7.7008057
1385910315426952646;-2.2571564;2.843155;7.6555786
1385910315490581797;4.2448273;5.0854645;16.696228
1385910315554088877;2.7689972;5.1866302;19.60147
1385910315617656992;4.1186676;5.0081024;9.495605
1385910315681255625;-2.4392548;0.5222931;5.3002014
1385910315744793223;-10.1028595;-4.649063;-1.2803345
1385910315808391855;-29.79686;-13.149368;-19.372345
1385910315871959971;8.0629425;-28.125473;33.19339
1385910315935497568;-5.8503265;-3.5933685;26.529541
1385910315999859141;3.871109;5.5734406;7.2164
1385910316062633799;-0.1469574;5.350876;2.6508484
1385910316126232432;-0.048171997;6.0090485;1.4559021
1385910316189800547;2.0953522;6.9064484;6.9997864
1385910316253338144;0.60523987;5.12236;8.4053955
1385910316316936777;1.2622223;4.908127;9.493225
1385910316380474375;0.29222107;4.678421;10.940491
1385910316444042490;0.049423218;4.3808746;10.1026
1385910316507641123;-0.0029449463;4.0904694;9.58963
1385910316571178721;-0.19694519;4.1226044;9.093323
1385910316634746836;-0.099349976;4.1678314;9.512268
1385910316698345469;-0.40522766;4.1880646;9.876465
1385910316761883066;-0.33262634;4.216629;10.0859375
1385910316825481699;0.21842957;4.7783966;9.442047
1385910316889019297;1.2396088;5.640091;10.604858
1385910316952617930;2.8213654;6.038803;5.5370483
1385910317016186045;-2.8141632;7.8038483;-4.7949524
1385910317079754160;-6.264511;0.19142151;3.161438
1385910317143352793;2.7832794;-0.41438293;25.973724
1385910317207889030;-2.889145;3.350174;10.825043
1385910317270663688;0.18867493;4.858139;8.62439
1385910317334231803;-0.43855286;4.593918;6.2452087
1385910317397830436;1.6609344;6.379196;5.9048157
1385910317461398552;0.6016693;5.9852448;8.005493
1385910317524997184;0.68855286;5.6638947;9.2659
1385910317588534782;-0.23027039;5.0354767;9.025482
1385910317652102897;-0.22312927;4.870041;8.82077
1385910317715671012;0.26008606;5.179489;8.711273
1385910317779208610;0.10417175;5.094986;8.633911
1385910317842807243;0.16487122;5.089035;8.823151
1385910317906375358;0.17796326;5.1116486;8.827911
1385910317969943473;-0.1053009;4.947403;8.831482
1385910318033481071;0.063705444;5.0140533;8.7565
1385910318097049186;0.16725159;5.0914154;8.921936
1385910318160765643;0.37434387;5.294937;8.411346
1385910318224303241;0.33625793;5.2068634;8.707703
1385910318287871356;-0.09339905;5.0354767;8.708893
1385910318351439471;0.055374146;5.0592804;8.685089
1385910318415770526;0.18510437;5.166397;8.712463
1385910318478606219;0.012527466;5.12117;8.699371
1385910318542174335;0.067276;5.1628265;8.56131
1385910318605711932;0.012527466;5.0711823;8.798157
1385910318669296042;0.18034363;5.198532;8.643433
1385910318732864158;-0.07435608;5.069992;8.36969
1385910318796432273;-0.16957092;4.8081512;8.932648
1385910318860030906;-0.04698181;4.8938446;9.064758
1385910318923599021;-0.04460144;4.9247894;8.694611
1385910318987197654;-0.09815979;4.9176483;8.794586
1385910319050704734;-0.030319214;5.0009613;8.88504
1385910319114272849;-0.45521545;4.8855133;7.9424133
1385910319177871482;0.18034363;5.0033417;9.401581
# GYRO
57
1385910307786360046;-0.007843018;0.030960083;-0.0011749268
1385910307987776062;0.021697998;0.039505005;-0.01826477
1385910308189222595;0.012817383;0.023483276;0.0034637451
1385910308390608093;0.011383057;0.017425537;-0.01399231
1385910308592229315;0.018157959;0.0063934326;-0.006515503
1385910308793645331;3.5095215E-4;0.00390625;-0.0043792725
1385910308995061346;-0.014953613;0.010665894;6.1035156E-4
1385910309196477362;-0.00819397;0.0028381348;-0.0047302246
1385910309397893377;0.026687622;0.018493652;0.015914917
1385910309599305078;1.1218567;-1.60289;-0.102996826
1385910309800721094;0.624115;-1.8613739;0.25837708
1385910310002076074;-0.15345764;0.48883057;-0.15711975
1385910310203553125;-0.91929626;1.5533752;0.12059021
1385910310404969141;1.4640198;-2.7254791;0.34666443
1385910310606415674;-0.09649658;0.11000061;0.27368164
1385910310807801172;-0.19760132;0.3720398;-0.17990112
1385910311009247705;-0.07975769;0.49131775;-0.06454468
1385910311209870264;-1.6096497;1.6815491;-0.4558258
1385910311412284869;1.9240112;-1.9478912;0.5214844
1385910311613700884;-0.45288086;0.1968689;1.0348969
1385910311815116900;0.38735962;-1.0791626;0.06147766
1385910312016563433;-0.7334442;1.5548096;0.076431274
1385910312217948931;-0.4421997;0.29977417;0.09031677
1385910312418079025;-0.43437195;0.5383148;-0.09765625
1385910312620959884;0.16767883;-0.013183594;0.04937744
1385910312822330845;-0.42333984;0.023483276;-0.21870422
1385910313023777378;1.0805664;-0.46855164;-0.20588684
1385910313225193394;0.64157104;-2.0785522;-0.36006165
1385910313426609410;-1.7684479;2.4733887;-0.020401001
1385910313628025425;0.715271;-1.2910004;0.18431091
1385910313829528801;-1.0129395;1.5989532;-0.14430237
1385910314030975334;1.4512024;-1.963913;0.009155273
1385910314232391350;-1.8336029;2.8123322;-0.26179504
1385910314433881747;0.5735626;-0.7167053;0.18217468
1385910314635297762;-0.32470703;0.49594116;-0.17811584
1385910314836683260;0.039855957;-0.49453735;0.048309326
1385910315038129794;-0.6583252;0.79751587;-0.15640259
1385910315239544199;0.06762695;-0.2485199;-0.062408447
1385910315440960215;-0.12747192;-0.47103882;-0.17990112
1385910315642376230;4.5469513;-3.4432526;-2.7145386
1385910315843761728;-2.0166016;1.7296143;1.610611
1385910316045208262;-0.5938721;1.4223633;1.3115387
1385910316246624277;-1.3750305;1.0349884;0.30892944
1385910316448040293;-0.78756714;0.3585205;0.029083252
1385910316649456309;-0.06907654;0.12994385;-0.052444458
1385910316850841807;0.30474854;-0.066589355;0.0016784668
1385910317052288340;0.94454956;-1.5964813;-0.8147125
1385910317253940055;-1.751358;1.3073578;0.45881653
1385910317455356071;0.7558594;-0.5027313;0.13375854
1385910317656772087;-0.5119934;0.4592743;0.015197754
1385910317858157585;-0.053771973;0.03237915;0.015914917
1385910318059604118;0.022415161;-0.02670288;9.613037E-4
1385910318261107440;0.03274536;-0.0071258545;-0.014694214
1385910318462553973;-0.014953613;0.04876709;-0.006149292
1385910318663985984;-0.035964966;0.03488159;-0.011138916
1385910318865371482;-0.13388062;0.067993164;0.01626587
1385910319066818015;0.018157959;0.0284729;0.019119263
