# General
GT-P1000
7596222627437530112
# ACCELEROMETER
135
12727899455000;-1.4165162;10.533636;1.722974
12727919839000;-1.4556746;10.572795;1.722974
12727939913000;-1.3790601;10.496181;1.6463596
12727959975000;-1.3790601;10.419566;1.5697451
12727980055000;-1.4165162;10.457022;1.6089035
12728005426000;-1.4556746;10.457022;1.6089035
12728020212000;-1.4931306;10.496181;1.6089035
12728040281000;-1.4931306;10.572795;1.685518
12728060365000;-1.5322891;10.572795;1.685518
12728081497000;-1.5697451;10.533636;1.685518
12728100818000;-1.6089035;10.496181;1.685518
12728120765000;-1.6089035;10.533636;1.685518
12728140871000;-1.6089035;10.496181;1.685518
12728160918000;-1.6089035;10.496181;1.685518
12728182087000;-1.6089035;10.533636;1.6463596
12728202465000;-1.6089035;10.533636;1.6463596
12728222562000;-1.5697451;10.572795;1.6463596
12728242710000;-1.5322891;10.572795;1.6089035
12728262734000;-1.5697451;10.533636;1.685518
12728283505000;-1.5322891;10.457022;1.722974
12728303635000;-1.4931306;10.380407;1.722974
12728323762000;-1.4556746;10.342952;1.685518
12728343934000;-1.4931306;10.419566;1.722974
12728364297000;-1.4556746;10.419566;1.685518
12728384146000;-1.4556746;10.457022;1.6463596
12728404293000;-1.5322891;10.61025;1.6463596
12728424468000;-1.6089035;10.686865;1.7995884
12728444582000;-1.6463596;10.649409;1.876203
12728465679000;-1.685518;10.572795;1.9528173
12728485888000;-1.722974;10.572795;2.0294318
12728506149000;-1.685518;10.496181;2.0685904
12728526357000;-1.6089035;10.419566;2.0685904
12728546496000;-1.6089035;10.380407;2.0685904
12728566772000;-1.5697451;10.380407;2.0294318
12728586958000;-1.5322891;10.380407;1.9919759
12728606980000;-1.4931306;10.380407;1.9528173
12728627159000;-1.4556746;10.419566;1.9153614
12728647627000;-1.4556746;10.457022;1.9153614
12728667485000;-1.4556746;10.496181;1.9153614
12728687765000;-1.5322891;10.533636;1.876203
12728710526000;-1.5697451;10.533636;1.9153614
12728728731000;-1.5697451;10.496181;1.9919759
12728748997000;-1.5697451;10.457022;2.0294318
12728769305000;-1.6089035;10.419566;1.9919759
12728789831000;-1.6463596;10.457022;1.9153614
12728810560000;-1.6089035;10.457022;1.9153614
12728830215000;-1.5322891;10.496181;1.9153614
12728850518000;-1.5322891;10.457022;1.9153614
12728870812000;-1.5322891;10.419566;1.9919759
12728898277000;-1.5322891;10.457022;2.0685904
12728911738000;-1.4931306;10.419566;2.1060462
12728931682000;-1.4556746;10.419566;2.1060462
12728952023000;-1.4931306;10.380407;2.1435022
12728972447000;-1.4931306;10.342952;2.1826608
12728994134000;-1.4931306;10.419566;2.1826608
12729016209000;-1.5322891;10.457022;2.1826608
12729035014000;-1.5322891;10.496181;2.1826608
12729054636000;-1.4931306;10.496181;2.2218192
12729075181000;-1.5322891;10.457022;2.2984338
12729096705000;-1.5322891;10.342952;2.3358896
12729116989000;-1.4931306;10.266337;2.4516625
12729137529000;-1.3790601;10.227179;2.5282772
12729157842000;-1.3024458;10.189723;2.718962
12729177869000;-1.3024458;10.150564;2.7955763
12729198120000;-1.3399017;10.189723;2.7955763
12729218445000;-1.3024458;10.189723;2.834735
12729240027000;-1.2632873;10.189723;2.8721907
12729259307000;-1.2632873;10.150564;2.9488053
12729279349000;-1.3024458;10.150564;2.9488053
12729299618000;-1.3024458;10.113109;3.0254197
12729319889000;-1.3399017;10.113109;3.0645783
12729340359000;-1.3399017;10.113109;3.1411927
12729360881000;-1.3399017;10.113109;3.255263
12729380919000;-1.3024458;10.113109;3.255263
12729401248000;-1.3024458;10.150564;3.217807
12729421555000;-1.3024458;10.150564;3.217807
12729442078000;-1.2632873;10.150564;3.1786487
12729462793000;-1.2632873;10.150564;3.0645783
12729483129000;-1.3024458;10.113109;3.0254197
12729503408000;-1.3024458;10.150564;3.0254197
12729524086000;-1.3024458;10.150564;2.9488053
12729544471000;-1.3024458;10.113109;2.9113493
12729564532000;-1.3024458;10.113109;2.9113493
12729584830000;-1.3399017;10.07395;2.9488053
12729605110000;-1.3024458;10.036493;2.9113493
12729625748000;-1.2632873;9.997335;2.9488053
12729646371000;-1.2258313;10.036493;2.9113493
12729745556000;-1.2632873;10.150564;2.8721907
12729845658000;-1.4165162;10.113109;2.9879637
12729945964000;-1.2258313;10.113109;2.9879637
12730045810000;-1.4165162;10.189723;2.9488053
12730145935000;-1.3399017;10.113109;3.0645783
12730246017000;-1.3024458;10.150564;3.102034
12730346094000;-1.3399017;10.07395;3.1411927
12730446148000;-1.3399017;10.113109;3.0254197
12730546193000;-1.4931306;10.227179;3.1786487
12730646266000;-1.3024458;10.036493;2.6048915
12730746567000;-1.3024458;10.533636;2.2218192
12730846610000;-1.5697451;10.496181;1.9528173
12730947621000;-1.3399017;10.457022;1.4165162
12731048299000;-1.4556746;10.686865;1.0708998
12731148175000;-1.5697451;10.649409;0.9568294
12731254258000;-1.5322891;10.496181;0.8036005
12731349521000;-1.6089035;10.726024;0.842759
12731449630000;-1.4556746;10.496181;0.8036005
12731549654000;-1.4931306;10.726024;0.880215
12731649728000;-1.5697451;10.649409;1.1100583
12731750313000;-1.3024458;10.61025;0.880215
12731850354000;-1.1492169;10.266337;1.6463596
12731950880000;-1.7995884;9.345261;6.6262994
12732051210000;0.114070415;7.201759;11.722012
12732151872000;-0.3439138;8.694889;-1.2632873
12732252219000;-1.722974;10.266337;-14.09706
12732352792000;0.114070415;0.26729932;18.38747
12732452895000;-1.4931306;11.109097;6.47307
12732553222000;-0.99598795;6.6262994;-10.303793
12732653763000;-0.53459865;9.728333;12.985299
12732753862000;-0.114070415;9.345261;-16.776863
12732854147000;-1.2632873;3.0645783;19.536686
12732953778000;0.9568294;9.307805;-11.836082
12733053864000;-3.3318775;-2.0685904;14.977275
12733153914000;-0.7661446;9.997335;1.876203
12733253971000;-1.5322891;6.3198414;-9.307805
12733354024000;-2.0294318;7.584831;15.5135765
12733454090000;-1.4931306;8.158588;6.9719157
12733554152000;-0.61291564;7.73806;4.367024
12733654185000;-0.22984336;9.154576;5.2863975
12733755611000;-1.1866728;9.11712;4.8641667
12733855979000;-1.3790601;9.614263;4.5968676
12733954921000;-1.1492169;9.500193;4.1746364
12734055008000;-1.6089035;9.80665;3.9073372
12734155029000;-1.4931306;9.883265;3.7541084
12734255097000;-1.5322891;9.959879;3.0645783
12734356562000;-1.5697451;10.07395;2.2592752
12734455509000;-1.685518;10.303793;3.1411927
# GYRO
32
12728091932000;-0.03176499;-0.0421497;0.005497787
12728292266000;-0.056199603;-0.04184427;0.03573562
12728493856000;-0.08307768;-0.03023783;0.050701816
12728693201000;-0.042455133;-0.025350908;0.03634648
12728895398000;-0.12858713;-0.028710667;0.06078109
12729095151000;-0.2996294;-0.079107046;0.1151481
12729295085000;-0.17104226;-0.0125227375;0.049480084
12729495110000;0.04795292;-0.01038471;0.036651913
12729695096000;-0.007330383;-0.027183503;0.01863139
12729891815000;-0.008552114;-0.035430185;0.02107485
12730091878000;-0.053145275;-0.027183503;0.041233405
12730291882000;0.00580322;-0.014049901;0.018325957
12730491818000;0.12034045;0.007941248;0.006414085
12730692970000;0.35827246;0.010079277;-0.016493361
12730895169000;0.4166101;-0.009162978;0.028405234
12731094843000;0.21594086;0.073303826;-0.0027488936
12731291851000;-0.015271631;-0.027183503;0.01038471
12731491850000;-0.12767084;-0.09621128;0.026267206
12731691891000;-0.40439278;-0.1518;0.09468412
12731893921000;-1.8536706;-0.41538838;-0.027794369
12732093064000;4.113872;-1.6557503;-0.101098195
12732295374000;-8.656266;-0.22968534;-0.32925636
12732495400000;3.1645875;-0.5864306;0.21777347
12732695149000;4.1108174;-0.5888741;0.28527406
12732895366000;5.758932;-0.50732356;0.636827
12733091800000;4.75131;-0.3555236;0.54458636
12733291851000;-5.300783;2.2989914;0.35246924
12733491853000;0.7809912;0.419359;0.7162395
12733696511000;0.19486602;0.045814894;-0.04550946
12733895295000;0.3481932;-0.07086037;-0.018020526
12734091849000;0.35002577;-0.011911872;-0.013133603
12734291856000;0.30207285;0.030848695;-0.0027488936
