# General
GT-P1000
5708395640624227328
# ACCELEROMETER
165
3599084385000;-2.2592752;8.465046;5.363012
3599104687000;-2.2218192;8.465046;5.363012
3599124824000;-2.2592752;8.465046;5.3238535
3599147109000;-2.4516625;8.42759;5.439626
3599165073000;-2.4516625;8.42759;5.5162406
3599188359000;-2.1826608;8.42759;5.400468
3599205242000;-2.2218192;8.388432;5.439626
3599226238000;-2.4125042;8.465046;5.5162406
3599246384000;-2.4891186;8.504205;5.5928555
3599266871000;-2.3358896;8.465046;5.5928555
3599286992000;-2.2984338;8.42759;5.5928555
3599307106000;-2.2984338;8.465046;5.5928555
3599327205000;-2.2984338;8.504205;5.5162406
3599347261000;-2.2984338;8.504205;5.400468
3599367384000;-2.3358896;8.504205;5.400468
3599387453000;-2.3358896;8.465046;5.400468
3599407507000;-2.2592752;8.465046;5.363012
3599427561000;-2.1826608;8.465046;5.3238535
3599447655000;-2.1435022;8.465046;5.2863975
3599467827000;-2.1826608;8.465046;5.2863975
3599488597000;-2.2984338;8.465046;5.3238535
3599508058000;-2.2984338;8.504205;5.3238535
3599528069000;-2.2592752;8.504205;5.439626
3599548122000;-2.2592752;8.465046;5.5162406
3599571312000;-2.2592752;8.465046;5.5536966
3599588299000;-2.2592752;8.465046;5.5928555
3599608405000;-2.3358896;8.504205;5.5536966
3599628510000;-2.4516625;8.579117;5.5162406
3599648675000;-2.5282772;8.6574335;5.4770823
3599668715000;-2.4516625;8.734048;5.4770823
3599688806000;-2.3358896;8.6574335;5.4770823
3599709015000;-2.2984338;8.54166;5.4770823
3599729137000;-2.3358896;8.504205;5.400468
3599749320000;-2.3358896;8.579117;5.3238535
3599769525000;-2.3358896;8.579117;5.209783
3599789654000;-2.2984338;8.579117;5.1706247
3599809678000;-2.2592752;8.6574335;5.1331687
3599829752000;-2.2592752;8.694889;5.09401
3599849993000;-2.3358896;8.734048;5.09401
3599870132000;-2.3750482;8.771504;5.09401
3599889969000;-2.4125042;8.810662;5.0173955
3599910026000;-2.3750482;8.848119;4.903325
3599930156000;-2.3750482;8.887277;4.5968676
3599950448000;-2.3358896;8.924733;4.4436383
3599970570000;-2.2984338;8.734048;4.903325
3599990764000;-2.2592752;8.618275;5.3238535
3600010953000;-2.2592752;8.694889;5.400468
3600031040000;-2.2984338;8.771504;5.363012
3600051349000;-2.3358896;8.734048;5.3238535
3600071202000;-2.2984338;8.6574335;5.2863975
3600091296000;-2.2592752;8.6574335;5.209783
3600111499000;-2.2592752;8.734048;5.0565543
3600131576000;-2.3358896;8.810662;4.9799395
3600151798000;-2.3358896;8.848119;4.9799395
3600171740000;-2.2984338;8.848119;4.9799395
3600191865000;-2.2592752;8.810662;4.940781
3600211891000;-2.2592752;8.771504;5.0173955
3600233840000;-2.2218192;8.771504;5.0565543
3600253935000;-2.2218192;8.734048;5.09401
3600274072000;-2.1826608;8.734048;5.1331687
3600294123000;-2.1826608;8.771504;5.1331687
3600314210000;-2.1826608;8.848119;5.0565543
3600334284000;-2.1435022;8.924733;4.8641667
3600354439000;-2.0294318;8.962189;4.710938
3600374457000;-1.9153614;8.962189;4.634323
3600394535000;-1.876203;8.848119;4.4436383
3600414682000;-1.7995884;8.771504;4.1746364
3600434736000;-1.7995884;8.694889;3.9447932
3600454788000;-1.7995884;8.6574335;3.8307228
3600474854000;-1.9153614;8.618275;3.8307228
3600494923000;-2.1435022;8.54166;4.0214076
3600514978000;-2.6423476;8.42759;4.7875524
3600535029000;-3.408492;8.121132;6.5496845
3600555111000;-4.0214076;7.775516;9.461034
3600575127000;-3.6774938;7.6989017;11.836082
3600595175000;-3.217807;7.2783732;14.824046
3600615222000;-2.2592752;6.5496845;16.739407
3600635305000;-0.880215;6.895301;14.670817
3600655353000;-0.22984336;6.9719157;10.649409
3600675400000;-0.880215;6.3589997;5.247239
3600695484000;-1.3790601;6.8561425;-0.99598795
3600715519000;-1.2258313;8.42759;-6.1291566
3600735630000;-0.5737572;9.384419;-10.726024
3600755714000;0.114070415;9.653421;-13.560759
3600775791000;0.037455957;9.576807;-13.101072
3600795876000;-0.880215;6.9719157;-7.8146744
3600815965000;-1.9919759;1.7621325;3.8307228
3600839218000;-3.9073372;-1.7621325;16.548723
3600860411000;-4.4810944;0.3830723;19.574142
3600878229000;-3.0254197;4.0214076;18.770542
3600901128000;-0.72698605;7.928745;13.024458
3600919611000;0.8036005;9.80665;6.052542
3600940526000;1.3399017;9.80665;-0.6503716
3600960541000;0.53459865;9.345261;-6.2823853
3600980705000;-0.3439138;9.2703495;-10.380407
3601000705000;-1.0708998;8.887277;-10.036493
3601020755000;-2.4516625;6.8186865;-3.4851065
3601040791000;-3.217807;2.9879637;8.158588
3601060894000;-4.1746364;1.8387469;17.085024
3601081301000;-4.4436383;4.367024;19.536686
3601101006000;-2.4125042;7.431602;17.468096
3601121048000;-0.19068487;9.345261;11.568783
3601141135000;0.842759;9.500193;3.4476504
3601161163000;0.4971427;8.848119;-4.5577087
3601181219000;-0.3830723;8.810662;-11.415554
3601201271000;-0.6503716;9.193735;-15.130504
3601221354000;-0.7661446;8.579117;-13.6748295
3601241449000;-1.5322891;6.243227;-7.73806
3601261567000;-2.1435022;3.0645783;0.7661446
3601281829000;-3.0645783;0.880215;10.61025
3601301746000;-4.137181;1.1866728;17.621325
3601321836000;-3.1411927;2.9488053;19.536686
3601341883000;-1.2632873;5.706926;18.195082
3601361910000;-0.72698605;8.350976;14.709975
3601381990000;-0.842759;9.001348;10.380407
3601402043000;-1.2632873;8.54166;7.0093713
3601422930000;-1.9528173;7.6989017;5.0565543
3601443219000;-2.6048915;7.239215;3.9073372
3601463138000;-3.2944217;7.3158293;3.0254197
3601483209000;-3.7541084;7.928745;2.4125042
3601503338000;-3.1786487;8.618275;2.6048915
3601523307000;-1.8387469;8.734048;3.4476504
3601543463000;-0.8036005;8.465046;4.288707
3601563473000;-0.61291564;8.235203;4.8641667
3601583528000;-0.9568294;8.274362;5.1706247
3601603669000;-1.4165162;8.54166;5.1706247
3601626567000;-1.685518;8.887277;4.9799395
3601643817000;-1.8387469;9.154576;4.903325
3601663919000;-1.9919759;9.345261;4.940781
3601684062000;-2.3358896;9.345261;4.9799395
3601704078000;-2.565733;9.231191;5.2863975
3601724164000;-2.4891186;8.924733;5.5928555
3601744250000;-2.1826608;8.504205;5.66947
3601764348000;-1.9528173;8.196044;5.706926
3601784445000;-1.8387469;7.9679036;5.8601546
3601804517000;-1.722974;7.8912888;5.936769
3601826104000;-1.685518;7.9679036;5.899313
3601846203000;-1.8387469;8.196044;5.8226986
3601866280000;-1.9919759;8.42759;5.8226986
3601886379000;-2.0685904;8.6574335;5.8226986
3601906594000;-2.1060462;8.771504;5.66947
3601926586000;-2.1435022;8.771504;5.5536966
3601946670000;-2.1060462;8.734048;5.5162406
3601966732000;-2.0294318;8.618275;5.400468
3601986807000;-1.876203;8.504205;5.2863975
3602006861000;-1.7621325;8.388432;5.209783
3602026932000;-1.7621325;8.42759;5.1706247
3602047015000;-1.9153614;8.504205;5.209783
3602067461000;-2.0685904;8.6574335;5.1706247
3602087525000;-2.1435022;8.771504;5.09401
3602107659000;-2.2218192;8.848119;5.0565543
3602127696000;-2.2592752;8.924733;5.0565543
3602148358000;-2.2592752;8.962189;4.940781
3602167856000;-2.2592752;8.962189;4.8641667
3602187955000;-2.2218192;8.962189;4.8267107
3602208099000;-2.1435022;8.887277;4.8267107
3602228257000;-2.0294318;8.848119;4.8641667
3602248157000;-2.0294318;8.887277;4.903325
3602270353000;-2.0685904;8.924733;4.8267107
3602290484000;-2.0685904;8.924733;4.7875524
3602310712000;-2.1060462;8.962189;4.8267107
3602330689000;-2.1435022;9.001348;4.8267107
3602350712000;-2.1060462;9.040505;4.710938
3602370791000;-2.1435022;9.077962;4.4810944
3602390934000;-2.2218192;9.11712;4.5202527
# GYRO
17
3599225491000;-0.0143553335;-0.020463986;0.016187929
3599425480000;0.03023783;-0.05131268;0.029932396
3599625594000;0.07422013;-0.010995574;-0.008552114
3599825834000;0.1704314;-0.003970624;0.027794369
3600025561000;-0.0125227375;-0.021991149;0.049480084
3600225466000;0.011911872;-0.053145275;0.08002335
3600425477000;-0.5815437;-0.14049901;-0.028405234
3600625470000;2.9174924;-1.8081611;0.7791586
3600826068000;-7.8929896;0.8399397;-1.210735
3601025401000;-6.0432897;0.62858033;-0.59742624
3601225431000;-5.842621;0.6230826;-0.4972443
3601426356000;2.273335;-0.06261369;-0.16523905
3601626248000;-0.17287487;-0.051618114;-0.24801129
3601825533000;0.058643065;0.04520403;-0.08307768
3602025444000;0.20922135;-0.018325957;-0.04886922
3602225499000;0.11911872;0.010079277;0.027794369
3602425468000;-0.0027488936;-0.08124508;0.024740042
