# General
TouchPad
614657350807622656
# ACCELEROMETER
112
2098091011000;-9.698776;-1.3337044;3.3931007
2098166452000;-9.345737;-1.3238977;3.697107
2098231192000;-9.179024;-0.5393657;4.511059
2098301276000;-9.041731;-0.1569064;3.4323275
2098371342000;-9.45361;-0.2157463;3.4029074
2098441050000;-9.4241905;0.12748645;4.756225
2098511061000;-9.404577;-1.1964113;4.4326057
2098582317000;-9.7183895;-0.93163174;3.216581
2098651026000;-9.63013;-0.6668522;2.098623
2098721014000;-9.463417;-1.9417167;6.4723887
2098792203000;-9.54187;-1.7259704;0.69627213
2098861228000;-9.7183895;-1.4513842;1.1375713
2098931199000;-9.110377;-1.8338435;-0.5295591
2099001191000;-8.914245;-0.951245;9.767424
2099071580000;-6.7273617;5.6388235;20.074211
2099141058000;-6.080123;3.5794272;4.4326057
2099211207000;9.443804;0.30400613;-20.005566
2099281149000;1.0787314;-2.7850885;-20.005566
2099351206000;-4.0501466;11.6110735;20.074211
2099421748000;9.306511;3.2263877;-20.005566
2099491221000;11.110934;-4.2658925;-20.005566
2099565746000;-7.247114;9.65955;20.074211
2099634934000;1.2062179;3.049868;-16.475172
2099701241000;5.491724;-5.5309505;-20.005566
2099771239000;17.367577;5.7859235;20.074211
2099841210000;-3.4029074;12.248506;-2.8047018
2099911267000;16.592852;-3.5990405;-20.005566
2099981210000;16.024065;-0.88259846;20.074211
2100051136000;-11.022675;8.247393;16.955698
2100121259000;-10.659828;-1.735777;-6.0408964
2100191241000;-7.1588545;-3.0400615;1.4906107
2100261270000;-9.698776;-1.3631244;2.1770763
2100331194000;-9.375157;0.6864655;4.0991797
2100401226000;-8.816178;0.12748645;8.806372
2100471243000;-9.89491;-0.61781895;4.8935184
2100541151000;-9.95375;-0.44129923;2.912575
2100611215000;-9.071151;-0.12748645;4.7169986
2100681346000;-8.973084;-0.2157463;4.5404787
2100751024000;-8.806372;0.00980665;2.353596
2100821203000;-9.335931;-1.2160245;1.6965504
2100891227000;-9.120184;-0.92182505;4.4129925
2100964052000;-9.669356;-0.26477954;2.5987623
2101031259000;-9.65955;-0.70607877;2.4712758
2101101193000;-9.267284;-1.0787314;3.3440676
2101171241000;-9.502644;-0.6668522;3.9618864
2101241154000;-9.355544;-0.8041453;5.933023
2101311189000;-7.63938;-0.42168593;16.661497
2101381019000;-5.491724;4.962165;-20.005566
2101451070000;6.3743224;-1.3533176;20.074211
2101521316000;-14.798235;-4.7169986;-18.671862
2101595220000;-8.571012;-5.344624;-3.0694814
2101662639000;-8.571012;-3.0204482;5.491724
2101732325000;-9.218251;2.2064962;14.553068
2101801172000;-8.365072;-0.61781895;-1.735777
2101871247000;-1.5690639;-0.46091253;-14.298096
2101942271000;-0.18632634;2.1966896;-20.005566
2102011356000;-6.746975;6.0703163;20.074211
2102082346000;-4.177633;1.4611908;-8.286619
2102155048000;-2.608569;-2.8145084;-20.005566
2102221305000;-6.3154826;-20.005566;20.074211
2102291333000;-17.50487;-20.005566;6.0605097
2102366419000;18.750315;-8.933858;-8.482752
2102431348000;-1.5298374;18.15211;-1.7553903
2102504974000;12.807485;20.074211;1.9122967
2102571912000;12.160246;-19.652527;-0.6276256
2102641194000;-14.052929;-20.005566;6.237029
2102711901000;-5.85457;-20.005566;3.89324
2102781252000;20.005566;-20.005566;-5.207331
2102853300000;8.610238;16.27904;1.2258313
2102925008000;4.4914455;20.074211;-5.540757
2102991367000;8.933858;-1.9515233;-0.38245934
2103061285000;-13.43511;-20.005566;1.8730701
2103131973000;-17.41661;-20.005566;-1.3827376
2103202288000;-3.89324;-13.05265;-1.8926834
2103271281000;-4.648352;-2.9812214;14.739394
2103341197000;2.5105023;4.834678;-0.4511059
2103411279000;9.83607;2.1182363;-8.208166
2103482344000;12.768258;-2.0495899;-15.975033
2103551278000;8.306232;0.9904716;-20.005566
2103622363000;10.806928;-3.667687;-10.247949
2103691286000;-12.552511;-1.0591182;4.1580195
2103761519000;13.807763;4.0403395;-1.0002782
2103831047000;3.7363336;-7.100014;-20.005566
2103904080000;-5.8055367;2.8145084;11.473781
2103976314000;20.005566;1.0493115;-20.005566
2104041236000;6.158576;3.3931007;20.074211
2104111346000;8.404299;-1.7259704;-13.474337
2104181276000;19.9075;4.501252;-20.005566
2104251296000;2.8047018;-2.2751427;17.18125
2104322350000;-10.208722;-1.5788707;-3.5892339
2104395002000;-9.65955;0.7354987;0.5001391
2104461320000;-10.296982;1.9613299;5.5113373
2104531967000;-11.6110735;1.343511;0.40207264
2104602366000;-11.581654;-0.2353596;-0.40207264
2104675030000;-10.7578945;-1.0002782;1.147378
2104741221000;-12.121019;-0.30400613;1.9515233
2104811220000;-10.699055;-1.4709975;2.265336
2104882343000;-9.306511;0.20593965;3.383294
2104951281000;-9.492837;-0.1569064;2.5889556
2105021145000;-10.434276;-0.6472389;0.65704554
2105091042000;-10.287175;-0.8727918;1.7553903
2105161075000;-9.992976;-1.7750036;4.1089864
2105231048000;-9.77723;-1.4709975;4.2070527
2105301314000;-9.257478;-0.8237586;4.118793
2105372301000;-9.012311;-0.65704554;4.275699
2105441186000;-9.306511;-0.9022118;3.89324
2105515680000;-9.365351;-0.44129923;4.344346
2105585011000;-9.473224;-0.588399;4.756225
2105651318000;-9.286898;-0.6276256;4.2168593
2105721224000;-9.257478;-0.79433864;4.2168593
2105791755000;-9.404577;-0.34323275;3.0989013
2105861852000;-9.45361;-1.2650578;4.7169986
# GYRO
39
5952437184602085287;-0.3481974;-0.34242365;-0.038476553
5952437184602289076;-7.9894835E-7;0.46016148;0.20347136
5952437184602485486;0.37338263;0.32693073;-0.093900666
5952437188896652872;0.23375657;-7.9894835E-7;-0.14506131
5952437188896852910;-0.63277984;-0.7176023;-0.06299095
5952437188897055394;5.515043;0.94938684;0.028672658
5952437188897256557;-9.061515;-1.9880944;0.5914407
5952437188897456660;-14.742475;-4.779548;0.55626696
5952437193191623388;-7.508578;-0.6397952;-0.071517594
5952437193191820644;-0.7724059;1.9928541;-0.7323445
5952437193192020735;0.43839973;1.1817423;-0.79096603
5952437193192223181;-1.2243268;-7.9894835E-7;0.5296218
5952437193192420925;0.19858366;0.16811843;0.15017939
5952437197486588259;0.6238575;0.6893193;-0.025685657
5952437197486790378;-0.17126256;-0.5097695;0.09156108
5952437197486988418;-0.52832186;0.17877027;-0.034208838
5952437197487188559;6.1353717;0.5624756;0.075573586
5952437197487388633;4.178471;2.414923;-0.69397026
5952437201781556016;2.6777549;0.9877497;0.9570314
5952437201781756051;-4.201241;-0.24224086;-0.44136408
5952437201781959704;3.7446704;2.32326;-3.749762
5952437201782159805;3.1179502;0.11588479;9.977317
5952437201782357999;-1.0569828;1.9022478;-12.557938
5952437206076523702;2.8706734;0.36209616;8.768644
5952437206076723728;0.6227962;-2.073371;-4.9200654
5952437206076925547;1.4360393;2.3499062;0.9133316
5952437206077127531;7.999543;1.0751498;1.8512796
5952437206077326569;0.31583145;-0.6227491;-0.97002554
5952437210371491326;-5.6305456;-2.0616462;0.8685663
5952437210371691419;4.660236;1.3341515;-0.61829466
5952437210371891542;4.17634;1.1540228;0.72680783
5952437210372096506;-1.4161748;-7.9894835E-7;0.25676814
5952437210372292409;-0.16273539;0.5379615;-0.15145211
5952437214666462735;-0.990901;0.2448529;-5.326322E-7
5952437214666659151;0.3350166;0.8427946;0.17256565
5952437214666859225;-0.8534065;-0.37653795;-0.26336694
5952437214667059270;-0.4718317;-0.3935915;-0.019287145
5952437214667263063;-0.27145228;0.08284322;0.06384955
5952437218961426791;0.16767769;0.43350777;0.07131013
