# General
Nexus 4
4678864365611032576
# ACCELEROMETER
278
1385910189169053943;1.382431;4.441574;8.954071
1385910189232622058;1.3300629;4.5260773;8.967163
1385910189296220691;1.1824799;4.6236725;8.927887
1385910189359758288;1.0848846;4.7593536;8.795776
1385910189423356921;1.3848114;4.626053;9.005249
1385910189486894519;1.2015228;4.774826;8.69342
1385910189550432116;1.1086884;4.947403;8.781494
1385910189614000232;1.2943573;4.8724213;8.733887
1385910189677598864;1.0503693;5.0711823;8.598206
1385910189741136462;0.83732605;5.241379;8.514893
1385910189804735095;0.92897034;5.2187653;8.554169
1385910189868272693;1.1039276;5.0533295;8.69104
1385910189931840808;0.8492279;5.0164337;7.337799
1385910189995439441;0.856369;4.9557343;9.678894
1385910190059007556;0.7861481;5.4508514;8.695801
1385910190122545153;0.91230774;5.083084;8.439911
1385910190186143786;1.2384186;4.9390717;8.744598
1385910190249681384;1.0777435;5.0033417;8.7517395
1385910190313249499;1.0396576;5.0723724;8.557739
1385910190376878650;1.3169708;4.845047;8.856476
1385910190440385730;1.382431;4.843857;9.155212
1385910190504716784;2.0655975;4.523697;10.410858
1385910190567552478;0.6671295;6.2066193;8.222107
1385910190631120593;0.8658905;6.5493927;6.4118347
1385910190694688708;1.9572906;4.9700165;5.3918457
1385910190758226306;-1.0157928;6.7076874;6.934326
1385910190821794421;-1.9262848;4.891464;11.210663
1385910190885362536;-2.9557953;5.69841;12.849548
1385910190948930652;2.5583344;5.292557;9.39801
1385910191012559802;7.566635;3.5346527;3.0828857
1385910191076127917;-2.9772186;9.074966;5.6025085
1385910191139665515;0.76472473;1.1828461;21.955658
1385910191203233630;0.8647003;4.921219;2.5377808
1385910191266801745;-0.49449158;4.806961;1.711792
1385910191330400378;-1.0241241;3.8714752;14.4348755
1385910191393968493;-0.71229553;6.0876007;6.2118835
1385910191457506091;1.4943085;5.8555145;3.4482727
1385910191521074206;0.11369324;4.6950836;10.560822
1385910191584611804;1.5728607;5.5210724;8.617249
1385910191647386462;0.63975525;5.9209747;7.8733826
1385910191712510974;0.5540619;5.3020782;7.441345
1385910191775720740;0.6909332;5.224716;7.5258484
1385910191839288855;0.86112976;5.05809;8.794586
1385910191902826453;0.87779236;5.0414276;9.367065
1385910191966394568;0.45170593;4.935501;10.35968
1385910192029993201;-0.32310486;4.86528;9.029053
1385910192093530799;-0.33976746;4.6355743;9.020721
1385910192157098914;-1.0146027;5.261612;7.266388
1385910192220697547;-0.9051056;5.3627777;8.025726
1385910192284235144;-0.3028717;4.974777;8.470856
1385910192347833777;0.37434387;4.6296234;9.680084
1385910192411401893;0.2648468;4.9378815;9.136169
1385910192475000525;0.05180359;4.9045563;9.174255
1385910192538568641;0.023239136;5.036667;8.988586
1385910192602075721;-0.2040863;5.1045074;8.876709
1385910192665674353;-0.58018494;5.5032196;8.085236
1385910192729272986;-0.71229553;5.6579437;7.8781433
1385910192792841101;-0.54685974;5.5734406;8.2899475
1385910192856256629;-0.47901917;5.50679;8.020966
1385910192919977332;-0.18147278;5.2473297;8.7838745
1385910192983545447;0.013717651;5.1235504;8.614868
1385910193047083045;0.09107971;5.037857;8.804108
1385910193110681678;0.25532532;4.9842987;8.951691
1385910193174249793;0.4386139;4.814102;9.068329
1385910193237817908;0.3886261;4.761734;8.843384
1385910193301386023;0.48384094;4.7141266;8.892181
1385910193364954139;0.5183563;4.633194;8.952881
1385910193428522254;0.6421356;4.6439056;9.038574
1385910193492090369;0.6100006;4.5843964;9.0659485
1385910193555658484;0.6707001;4.5272675;8.9826355
1385910193619398836;0.6707001;4.4748993;9.052856
1385910193682966951;0.6849823;4.4963226;8.983826
1385910193746535066;0.7016449;4.428482;9.083801
1385910193810103181;0.6790314;4.41658;9.037384
1385910193873671296;0.7111664;4.3856354;9.099274
1385910193937208894;0.6790314;4.3737335;9.042145
1385910194000807527;0.6683197;4.3939667;9.148071
1385910194064894441;0.71473694;4.3737335;9.105225
1385910194127943757;0.6683197;4.3082733;9.093323
1385910194191511873;0.6754608;4.3665924;9.120697
1385910194255018953;0.7016449;4.336838;9.149261
1385910194318648103;0.6457062;4.3344574;9.095703
1385910194382216218;0.73854065;4.3606415;9.149261
1385910194445784334;0.6837921;4.330887;9.094513
1385910194509352449;0.72068787;4.34993;9.083801
1385910194572920564;0.7004547;4.377304;9.113556
1385910194636639308;0.6933136;4.3606415;9.152832
1385910194700207424;0.7171173;4.409439;9.20282
1385910194763775539;0.625473;4.465378;9.207581
1385910194827343654;0.5350189;4.484421;9.133789
1385910194890911769;0.39814758;4.6439056;9.000488
1385910194954479884;0.23747253;4.7403107;8.760071
1385910195017986965;0.13868713;4.793869;8.82077
1385910195081616115;0.11845398;4.8807526;8.900513
1385910195145200253;0.058944702;4.9331207;8.833862
1385910195208737851;-5.645752E-4;4.9319305;8.829102
1385910195273038388;-0.09339905;5.0652313;8.647003
1385910195335843564;-0.11482239;5.0592804;8.641052
1385910195399472714;-0.12672424;5.134262;8.694611
1385910195463040829;-0.09101868;5.100937;8.6684265
1385910195526608945;-0.120773315;5.0676117;8.581543
1385910195590177060;-0.05055237;5.1247406;8.7196045
1385910195653745175;-0.10411072;5.141403;8.806488
1385910195717313290;-0.118392944;5.1997223;8.612488
1385910195780850888;-0.1302948;5.1640167;8.595825
1385910195844419003;-0.15171814;5.236618;8.632721
1385910195908017636;-0.20646667;5.280655;8.591064
1385910195971585751;-0.22669983;5.31398;8.558929
1385910196035153866;-0.20765686;5.2913666;8.62677
1385910196098778792;-0.195755;5.324692;8.524414
1385910196162316389;-0.24098206;5.331833;8.717224
1385910196225915022;-0.4671173;5.519882;8.314941
1385910196289483137;-0.44926453;5.5079803;8.444672
1385910196352990217;-0.64564514;5.7400665;8.391113
1385910196416619368;-0.6980133;5.7210236;8.016205
1385910196480889387;-0.920578;5.812668;8.247101
1385910196543725081;-0.8444061;5.782913;8.205444
1385910196607293196;-0.9062958;5.7472076;8.016205
1385910196670861311;-0.63731384;5.82576;7.72818
1385910196734459944;-0.7741852;5.275894;9.315887
1385910196797997542;2.383377;4.946213;12.124725
1385910196861535139;0.6671295;6.2863617;4.148102
1385910196925133772;-0.23146057;5.461563;6.9438477
1385910196988701887;0.33625793;4.0000153;14.578888
1385910197052300520;0.4040985;6.225662;5.3275757
1385910197115838118;0.17201233;5.6757965;0.40853882
1385910197179406233;1.7144928;4.121414;22.947083
1385910197242974348;0.6707001;6.5017853;1.8200989
1385910197306511946;0.64689636;4.723648;3.725586
1385910197370110579;0.95991516;5.8233795;14.740753
1385910197433709212;0.35054016;7.051651;-0.2722473
1385910197497216292;1.2229462;4.3677826;6.355896
1385910197560784407;1.0182343;6.186386;13.324432
1385910197623559065;0.40171814;7.481308;-1.2184448
1385910197688683577;1.4645538;3.985733;9.324219
1385910197751549788;0.5790558;6.076889;12.22113
1385910197815056868;0.15415955;7.3444366;-0.4805298
1385910197878655501;1.7049713;3.0538177;5.2049866
1385910197942193098;1.0610809;5.6186676;16.029724
1385910198005996830;0.26841736;6.8493195;1.9034119
1385910198069625980;1.6490326;4.3784943;6.2428284
1385910198133133060;0.7837677;5.223526;14.571747
1385910198196701175;-0.08506775;6.570816;1.8938904
1385910198260299808;1.7168732;4.3487396;9.214722
1385910198323837406;0.24580383;4.67247;9.866943
1385910198387436039;0.6909332;5.147354;9.233765
1385910198451004154;0.70402527;4.3915863;9.451569
1385910198514541751;0.21723938;4.3142242;8.696991
1385910198578109867;0.58262634;4.454666;9.20401
1385910198641708499;0.5362091;4.3427887;9.224243
1385910198705246097;0.49693298;4.241623;9.198059
1385910198768844730;0.5028839;4.293991;9.090942
1385910198832260257;0.5016937;4.2654266;9.168304
1385910198895950443;0.6004791;4.2975616;9.151642
1385910198959514347;0.5945282;4.2785187;9.07428
1385910199023112980;0.61476135;4.3047028;9.2052
1385910199086681095;0.63975525;4.260666;9.125458
1385910199150279728;0.5873871;4.3082733;9.154022
1385910199213847843;0.68141174;4.2963715;9.145691
1385910199277385441;0.6171417;4.2773285;9.167114
1385910199340953556;0.64689636;4.3285065;9.095703
1385910199404521671;0.6707001;4.2963715;9.132599
1385910199468089787;0.62309265;4.330887;9.177826
1385910199531688419;0.7421112;4.274948;9.0980835
1385910199595256535;0.68141174;4.357071;8.75293
1385910199658794132;0.4707489;4.357071;9.095703
1385910199722362247;1.1265411;3.7976837;9.552734
1385910199785930363;1.2765045;3.6489105;9.7146
1385910199849498478;0.95991516;3.8750458;9.180206
1385910199913097111;0.48146057;3.9286041;9.408722
1385910199976634708;0.42790222;3.921463;9.440857
1385910200040782658;0.53263855;4.0726166;9.402771
1385910200103801456;0.69807434;3.927414;9.327789
1385910200167339054;0.6504669;4.0773773;9.14212
1385910200230876652;0.7611542;4.0095367;9.231384
1385910200294475285;0.6754608;4.1107025;9.187347
1385910227504294097;0.6671295;4.871231;8.876709
1385910227567831695;0.55882263;4.7986298;8.868378
1385910227631399810;0.87779236;4.647476;9.029053
1385910227694963840;0.59928894;4.820053;8.8993225
1385910227758531955;0.6873627;4.793869;8.845764
1385910227822100070;0.8147125;4.7902985;9.006439
1385910227885668185;0.63023376;4.8807526;8.733887
1385910227949266818;0.77186584;4.7248383;8.993347
1385910228012804416;0.72306824;4.890274;8.82077
1385910228076342013;0.7611542;4.8748016;8.848145
1385910228139910129;0.68141174;4.897415;9.01001
1385910228203478244;0.7444916;5.0283356;8.69104
1385910228267107394;0.7111664;5.1949615;8.607727
1385910228330614474;0.84446716;5.11998;8.512512
1385910228394182590;0.7766266;5.1830597;8.422058
1385910228457781222;0.856369;5.074753;7.581787
1385910228521318820;0.843277;5.179489;9.3289795
1385910228584917453;3.7532806;2.766983;9.849091
1385910228648485568;3.4164581;2.759842;10.562012
1385910228711534885;1.3407745;4.343979;8.82196
1385910228775682834;-0.17433167;5.3746796;7.9245605
1385910228839189914;0.62428284;4.986679;8.777924
1385910228902788547;1.3788605;4.5415497;8.597015
1385910228966326144;0.8147125;4.8212433;8.804108
1385910229029863742;1.0301361;4.0333405;9.863373
1385910229093431857;1.2241364;4.4130096;10.431091
1385910229156999972;1.4609833;4.183304;11.029755
1385910229220568088;1.215805;5.396103;6.6165466
1385910229284166720;-0.47187805;6.3946686;6.8474426
1385910229347704318;-1.1455231;6.85408;7.247345
1385910229411272433;-0.18504333;6.2066193;7.79126
1385910229474840549;0.048233032;5.9435883;8.218536
1385910229538439181;-0.26478577;6.2458954;7.954315
1385910229602303886;-1.1526642;6.7088776;6.9248047
1385910229665841484;-1.2466888;6.686264;7.6924744
1385910229729409599;-1.5097198;7.006424;7.2330627
1385910229792977714;-0.2707367;6.0030975;7.7698364
1385910229856545830;1.5074005;4.948593;8.337555
1385910229920327568;1.6823578;4.640335;9.386108
1385910229983682060;0.6623688;5.485367;6.3642273
1385910230047250175;0.94444275;5.767441;11.818848
1385910230110787773;1.530014;5.7531586;5.0252686
1385910230174386406;0.43147278;6.294693;2.879364
1385910230237954521;4.171036;0.8412628;20.81546
1385910230301522636;0.0018157959;4.8629;5.348999
1385910230365060234;1.9799042;5.819809;2.0176697
1385910230428628349;-1.8239288;8.084732;11.9652405
1385910230492288017;1.8025665;5.3294525;3.7803345
1385910230555851835;1.7978058;5.2389984;1.1976318
1385910230619450467;-0.5266266;7.294449;18.343445
1385910230682988065;1.0694122;5.865036;0.6227722
1385910230746556180;0.07203674;5.6769867;11.693878
1385910230810124295;0.47431946;5.9388275;5.2680664
1385910230873692411;0.7671051;6.319687;5.4227905
1385910230937291044;0.49336243;4.729599;8.793396
1385910231000828641;0.10774231;5.308029;12.424652
1385910231064427274;1.0717926;5.5912933;5.1930847
1385910231128727811;0.8920746;5.454422;6.342804
1385910231191563504;0.06251526;5.0652313;10.885742
1385910231255101102;0.7194977;4.6415253;9.113556
1385910231318699735;0.7778168;4.4142;9.192108
1385910231382237333;0.8063812;4.499893;9.58844
1385910231445805448;0.22080994;4.6355743;8.957642
1385910231509404081;0.32554626;4.652237;8.955261
1385910231572941678;0.381485;4.5653534;8.825531
1385910231636509794;0.30888367;4.5653534;9.095703
1385910231700108426;0.41838074;4.510605;9.0980835
1385910231763646024;0.9004059;4.217819;9.39444
1385910231827214139;-0.21598816;5.0009613;8.583923
1385910231890812772;0.34339905;4.768875;8.983826
1385910231954380887;-0.21360779;5.2985077;8.517273
1385910232017918485;-0.60517883;5.525833;8.324463
1385910232081517118;-0.5659027;5.6174774;8.293518
1385910232145085233;-0.73490906;5.737686;8.164978
1385910232208653348;-0.5659027;5.5972443;8.472046
1385910232272251981;-0.75990295;5.923355;7.9293213
1385910232336522001;-1.2645416;6.2018585;7.6627197
1385910232399357694;-1.0003204;6.126877;7.716278
1385910232463008911;-0.8289337;5.909073;8.189972
1385910232526577026;-0.66825867;5.9459686;7.7127075
1385910232590145142;-1.350235;6.244705;8.906464
1385910232653743774;-0.7051544;6.038803;6.8867188
1385910232717281372;-1.4061737;6.269699;9.186157
1385910232780849487;-0.50520325;5.769821;13.7100525
1385910232844417603;-0.25526428;6.000717;2.1462097
1385910232907985718;1.940628;5.793625;0.3109436
1385910232971553833;-1.57518;6.3803864;15.902374
1385910233035091431;-0.44688416;6.397049;3.827942
1385910233098659546;0.708786;6.5601044;5.4918213
1385910233162227661;0.33625793;6.6826935;7.477051
1385910233225795776;1.8608856;5.5674896;2.6710815
1385910233289424927;0.20414734;7.050461;12.09021
1385910233352932007;0.6707001;6.120926;4.784851
1385910233416500122;0.9551544;5.50441;9.821716
1385910233480190308;0.19819641;5.587723;9.059998
1385910233544399292;0.5302582;5.4258575;8.555359
1385910233607204468;0.030380249;5.622238;8.383972
1385910233670772583;-0.28382874;5.774582;8.551788
1385910233734340698;-0.5254364;5.8757477;8.349457
1385910233797908814;-0.04698181;5.5972443;8.404205
1385910233861476929;-0.04222107;5.5282135;8.286377
1385910233925075562;-0.46473694;5.7960052;9.029053
# GYRO
84
1385910189544298083;0.13990784;0.028823853;-0.014343262
1385910189745714099;0.13064575;0.05659485;-0.06489563
1385910189947130114;-0.01638794;0.07902527;0.0030975342
1385910190148546130;-0.027420044;-0.064086914;0.03300476
1385910190349962146;-0.046295166;-0.033828735;0.039764404
1385910190551378161;0.54293823;0.18583679;0.15405273
1385910190752794177;-0.57180786;0.9620056;-0.46188354
1385910190954210193;0.7095642;-3.9705505;-0.28919983
1385910191155626208;-2.3726501;2.5552673;-0.7310486
1385910191357011706;1.0752258;0.7633362;-0.22476196
1385910191558458239;-0.5860443;-0.22146606;0.28649902
1385910191760248328;0.038085938;0.3118744;-0.057785034
1385910191961664344;-0.48599243;0.27555847;-0.09623718
1385910192163080359;0.344635;0.58673096;-0.10192871
1385910192364465857;-0.15879822;-0.27059937;0.019119263
1385910192565912391;0.21646118;0.32183838;-1.0681152E-4
1385910192767328406;0.25205994;0.18084717;-0.006149292
1385910192968713904;-0.27308655;-0.3154602;0.007019043
1385910193170129920;-0.20187378;-0.21362305;0.0059509277
1385910193371576453;-0.108947754;-0.10183716;0.007736206
1385910193572961951;-0.07299805;-0.04095459;-0.002243042
1385910193774580720;-0.05091858;-0.019226074;-0.00579834
1385910193975966218;-0.038101196;0.007461548;-0.001876831
1385910194177382234;-0.018157959;0.009246826;-0.0047302246
1385910194378828767;-0.0060577393;-0.0074768066;-0.0025939941
1385910194580364894;0.008544922;0.0063934326;0.0041656494
1385910194781811427;0.059448242;0.0847168;0.0016784668
1385910194983196925;0.18762207;0.21147156;-0.0033111572
1385910195184628964;0.096832275;0.113204956;-0.011138916
1385910195386075497;0.08543396;0.070129395;-0.009353638
1385910195587460995;0.015304565;0.0053253174;-0.006866455
1385910195788907529;0.059448242;0.04449463;-1.0681152E-4
1385910195990293027;0.052322388;0.049468994;-0.011138916
1385910196191765852;0.10572815;0.08935547;-0.022888184
1385910196393212385;0.12887573;0.17408752;-0.01576233
1385910196594628401;-0.03916931;0.028823853;0.002029419
1385910196796044417;-0.17588806;-1.2265625;9.613037E-4
1385910196997460432;-0.36387634;0.56822205;-0.13005066
1385910197198876448;0.15486145;-0.4236908;0.016616821
1385910197400292464;0.42936707;0.53652954;0.06967163
1385910197601708479;0.07261658;0.2673645;-0.068099976
1385910197803124495;-0.06266785;-0.14811707;-0.16993713
1385910198004776126;-0.50024414;-0.2132721;-0.09516907
1385910198206192142;-0.33468628;0.078308105;0.0059509277
1385910198407608158;-0.52267456;0.094329834;-0.04425049
1385910198609024173;-0.10218811;0.0320282;-0.021469116
1385910198810409671;-0.035964966;-0.027069092;-0.008285522
1385910199011851994;-7.171631E-4;-0.029907227;-0.009353638
1385910199213268009;-7.171631E-4;-0.011398315;-0.0047302246
1385910199414653507;-0.005340576;-0.016738892;-0.0050811768
1385910199616069523;-0.025634766;-0.07121277;-0.023239136
1385910199817485538;-0.19262695;0.015289307;0.050094604
1385910200018932072;0.053741455;0.16625977;-0.030715942
1385910200220317570;0.04449463;-0.103256226;-0.023605347
1385910228018389133;0.024551392;-0.0010681152;-0.0011749268
1385910228219805148;0.09291077;-0.02848816;0.0013275146
1385910228421221164;0.08508301;-0.02848816;0.09815979
1385910228622606662;-0.620224;-0.2520752;0.47235107
1385910228824053195;0.46710205;0.39874268;-0.50068665
1385910229025469211;-0.26062012;-0.26846313;-0.09089661
1385910229226885226;0.91856384;0.6152191;0.12272644
1385910229428301242;-0.014251709;0.010314941;-0.2240448
1385910229629983330;0.10501099;0.16447449;-0.15568542
1385910229831399345;-0.6088257;-0.6832428;0.43745422
1385910230032815361;0.14346313;0.27342224;0.5613556
1385910230234231376;-0.5333557;-0.10610962;-0.2026825
1385910230435647392;1.0164795;0.2962036;-0.21870422
1385910230637150663;-0.6665039;-0.107177734;-0.22013855
1385910230838566678;0.30511475;0.013870239;-0.041763306
1385910231039982694;0.040924072;0.11392212;0.2110138
1385910231241398710;-0.65867615;-0.09399414;-0.14286804
1385910231442814725;-0.1399231;0.096466064;-0.06312561
1385910231644200223;-3.6621094E-4;0.06906128;0.046524048
1385910231845646756;0.21432495;0.13064575;-0.09124756
1385910232047062772;0.39233398;0.33999634;-0.048171997
1385910232248478788;0.23745728;0.2737732;0.06718445
1385910232449977905;0.06335449;0.06869507;-0.0029449463
1385910232651363403;-0.09649658;-0.22750854;-0.0040130615
1385910232852809937;1.0189667;-0.69641113;0.28009033
1385910233054225952;-0.39093018;-0.11642456;-0.30593872
1385910233255641968;0.018859863;-0.71707153;-0.041397095
1385910233457057983;-0.7512512;0.5194397;-0.10975647
1385910233658443481;0.03630066;0.47351074;0.014144897
1385910233859890015;-0.048065186;0.07867432;0.046173096
