# General
Nexus 4
4678864365611032576
# ACCELEROMETER
173
1385910271815200871;0.50883484;6.3482513;8.24115
1385910271878768986;-0.27549744;6.300644;7.9447937
1385910271942367619;0.19343567;6.3863373;7.524658
1385910272005935735;-0.22669983;5.9638214;8.2256775
1385910272069503850;-0.04698181;6.1125946;8.018585
1385910272133071965;0.063705444;6.089981;7.966217
1385910272196609563;0.1660614;6.032852;8.063812
1385910272260208195;0.2803192;5.9900055;7.998352
1385910272323776311;0.17677307;5.967392;8.1935425
1385910272387313908;0.08869934;5.9078827;8.05191
1385910272450912541;0.076797485;5.847183;8.264954
1385910272514450139;0.17082214;5.865036;8.253052
1385910272578253797;0.17677307;5.8816986;8.134033
1385910272641821912;0.25532532;5.882889;8.269714
1385910272705390027;0.14701843;5.8412323;8.053101
1385910272768958142;0.36006165;5.9245453;8.4375305
1385910272832495740;0.11012268;5.8543243;8.1744995
1385910272896094373;0.066085815;5.885269;8.004303
1385910272960150769;0.18986511;5.9269257;8.201874
1385910273023230603;0.17915344;5.9590607;8.109039
1385910273086798719;0.14225769;5.8876495;8.069763
1385910273150366834;0.29936218;5.923355;8.0269165
1385910273213934949;0.19224548;5.966202;8.069763
1385910273277503064;0.20533752;5.8686066;8.362549
1385910273341071179;0.24342346;5.8245697;8.316132
1385910273404639295;0.17677307;5.7983856;8.398254
1385910273468207410;0.9813385;5.928116;12.799561
1385910273531771317;3.999649;7.1587677;16.114227
1385910273595308915;0.57310486;2.4480133;-0.642395
1385910273658907548;-18.181839;0.037887573;-15.799408
1385910273722475663;-0.98127747;-6.284378;7.8222046
1385910273786043778;10.661118;1.2090302;35.04413
1385910273849611893;-13.605576;-8.9492035;-13.342865
1385910273913180009;-13.905502;-6.508133;-14.381897
1385910273976748124;26.596512;13.675034;33.18982
1385910274040285721;-24.47673;-9.389572;-11.608765
1385910274103884354;-16.176376;-13.392166;-8.404785
1385910274168276444;17.908157;6.1197357;39.249054
1385910274231020585;0.5552521;5.358017;-2.6597595
1385910274294558182;-7.6141815;-0.5334015;6.138092
1385910274358156815;-23.672165;-4.6716766;-21.399231
1385910274421724930;33.804276;9.297531;39.249054
1385910274485293046;-8.542526;-0.4988861;-3.2810364
1385910274548861161;-10.131424;-2.1377716;-5.8470764
1385910274612398759;3.7128143;8.079971;17.54364
1385910274675997391;-0.5194855;6.2970734;10.42395
1385910274739565507;-0.51353455;6.347061;7.59964
1385910274803133622;0.057754517;7.0433197;4.8836365
1385910274866701737;0.0839386;6.911209;6.1095276
1385910274930269852;0.68141174;6.614853;7.900757
1385910274993837968;-0.16123962;6.65889;8.508942
1385910275057406083;0.6373749;6.8612213;8.623199
1385910275120974198;-0.3195343;6.3696747;9.509888
1385910275184542313;-1.433548;5.724594;9.849091
1385910275248079911;-1.9762726;5.4437103;8.444672
1385910275311678544;-1.0443573;5.935257;8.635101
1385910275376040116;2.4262238;7.4658356;13.837402
1385910275439050457;-2.133377;3.0823822;6.8843384
1385910275502588055;-12.971207;-1.5557709;-15.663727
1385910275566186688;8.186722;7.890732;39.249054
1385910275629754803;-3.9769745;4.786728;-2.271759
1385910275693322918;4.678055;10.529373;6.684387
1385910275756860516;-2.3737946;5.4579926;-4.0141907
1385910275820459149;-16.825027;-6.9913483;-26.8479
1385910275884027264;11.305008;-5.91066;39.249054
1385910275947564861;-0.6492157;-1.5736237;30.417877
1385910276011132977;-14.968338;-6.603348;-12.271698
1385910276074701092;-10.517044;-3.8302155;-13.339294
1385910276138269207;6.0086823;1.9612274;39.249054
1385910276201837322;-1.4085541;7.065933;2.9924316
1385910276265405438;0.07084656;7.3432465;2.750824
1385910276328973553;-1.427597;6.0352325;6.4368286
1385910276392659386;2.0548859;6.738632;11.045227
1385910276456258018;0.26127625;6.6815033;8.100708
1385910276518849571;-0.26478577;6.364914;6.9355164
1385910276584279259;-0.7718048;5.8805084;7.605591
1385910276646931846;0.44456482;5.9459686;9.408722
1385910276710499962;-2.2535858;5.3425446;6.8403015
1385910276774068077;-0.42546082;5.397293;12.415131
1385910276837666710;-1.022934;5.404434;10.569153
1385910276901220354;-0.5194855;5.4187164;8.591064
1385910276964757952;-2.6451569;5.866226;-2.1896362
1385910277028356584;3.68544;8.1454315;18.139923
1385910277091894182;0.32435608;7.6764984;10.845276
1385910277155462297;-4.199539;3.9928741;-10.0234375
1385910277219060930;-1.3216705;3.7584076;-1.5171814
1385910277282598528;-0.58851624;4.909317;12.355621
1385910277346166643;0.625473;4.080948;13.7100525
1385910277409765276;-11.215683;3.5334625;-19.193817
1385910277473302874;6.295517;4.3225555;19.055176
1385910277536870989;0.5838165;6.8624115;12.563904
1385910277600500139;-4.4268646;5.3746796;-0.63168335
1385910277664007219;0.5362091;6.1042633;12.631744
1385910277727300676;0.25532532;7.1825714;5.841736
1385910277791173967;-0.5028229;5.8102875;8.423248
1385910277854890443;-0.195755;6.441086;5.9988403
1385910277918458558;1.2384186;6.889786;7.9114685
1385910277981996155;-0.18861389;6.456558;7.9816895
1385910278045594788;0.052993774;6.5541534;5.971466
1385910278109132386;0.55882263;6.524399;7.868622
1385910278172731019;-0.55519104;5.9888153;9.219482
1385910278236299134;1.0658417;6.326828;12.167572
1385910278299836732;0.9503937;6.691025;8.079285
1385910278363451391;-4.641098;6.5815277;-11.995575
1385910278427019506;4.4435883;6.5862885;17.600769
1385910278490587621;-1.529953;6.8314667;8.512512
1385910278554155737;0.5850067;7.583664;6.183319
1385910278617784887;-1.2097931;6.904068;3.912445
1385910278681322485;-1.3359528;5.909073;3.5446777
1385910278744890600;3.9127655;6.8505096;20.192993
1385910278808428197;-5.636093;4.0797577;-2.1598816
1385910278872026830;2.2762604;6.7029266;8.414917
1385910278936022192;0.46122742;7.7086334;6.6343994
1385910278999163061;0.47789;7.5539093;5.977417
1385910279062731176;0.30769348;6.975479;5.7738953
1385910279126299291;1.6918793;7.4396515;7.6984253
1385910279189867406;0.7980499;7.308731;7.3842163
1385910279253466039;1.1277313;7.352768;5.469208
1385910279316999389;-0.36714172;6.0530853;9.278992
1385910279380567504;-0.014846802;6.1125946;10.453705
1385910279444135619;0.31959534;6.5208282;10.302551
1385910279507673217;-2.6475372;6.9826202;-8.392883
1385910279571271850;3.3724213;6.5993805;13.405365
1385910279634809447;0.35292053;7.1444855;7.7388916
1385910279698377563;1.2765045;6.975479;9.78125
1385910279761945678;-0.11720276;7.353958;2.6782227
1385910279825544311;4.699478;8.278732;7.0961914
1385910279889081908;-0.09220886;7.3182526;2.904358
1385910279952680541;-0.33262634;5.4449005;11.710541
1385910280016218139;-3.3604584;4.4320526;9.733643
1385910280079786254;2.9427643;8.591751;-2.1420288
1385910280144117309;0.117263794;4.0131073;14.109955
1385910280206953002;0.5778656;7.4717865;5.4882507
1385910280270551635;2.4690704;8.764328;8.37088
1385910280334058715;-2.4225922;5.087845;8.550598
1385910280397626830;3.5604706;6.591049;7.7496033
1385910280461194946;0.4040985;12.705032;-5.5197754
1385910280524763061;5.558792;8.337051;15.730988
1385910280588392211;-2.4892426;5.917404;6.7248535
1385910280651929809;0.85517883;7.628891;8.443481
1385910280715528442;-0.14576721;7.2289886;4.784851
1385910280779035522;-0.8063202;6.288742;6.4308777
1385910280842634155;0.63856506;6.731491;7.6484375
1385910280906202270;0.7659149;7.224228;8.921936
1385910280969770385;0.34458923;7.006424;7.8936157
1385910281033338500;0.23747253;7.136154;5.9809875
1385910281096876098;0.58976746;6.9064484;7.593689
1385910281160444213;0.26365662;6.776718;6.9105225
1385910281224248036;0.14582825;6.962387;5.9238586
1385910281287816151;-0.28858948;6.4256134;8.743408
1385910281352147206;0.7171173;7.037369;7.049774
1385910281414921864;-0.35047913;6.364914;7.580597
1385910281478489979;-0.94914246;5.9578705;7.7174683
1385910281542088612;0.2815094;6.7969513;7.4746704
1385910281605687245;0.8266144;6.969528;7.387787
1385910281669224843;1.2134247;7.020706;7.543701
1385910281732792958;0.50645447;6.782669;6.950989
1385910281796361073;0.122024536;6.6124725;7.2164
1385910281859929188;0.24223328;6.4898834;8.079285
1385910281923527821;0.14820862;6.7005463;7.6412964
1385910281987065419;0.28507996;6.6755524;8.17926
1385910282050633534;0.19581604;6.8159943;7.004547
1385910282114201649;0.3469696;6.6696014;7.412781
1385910282177887527;0.44932556;6.7076874;8.025726
1385910282241486160;0.13511658;6.7981415;7.6412964
1385910282305054275;-0.22193909;6.551773;7.498474
1385910282368591873;-0.07911682;6.376816;7.621063
1385910282432190505;0.1743927;6.499405;7.85791
1385910282494721023;0.10417175;6.513687;7.644867
1385910282560059158;0.23509216;6.5363007;7.6793823
1385910282622894851;0.24699402;6.6517487;7.6805725
1385910282686479006;-0.07673645;6.507736;7.3389893
1385910282750016604;0.2398529;6.588669;7.945984
# GYRO
54
1385910271931015080;-0.14242554;0.13101196;-0.024307251
1385910272132461613;-0.08224487;0.0010681152;0.05293274
1385910272333847111;-0.07121277;-0.042373657;0.025161743
1385910272535498670;-0.058044434;7.019043E-4;0.0052337646
1385910272736884168;-0.009613037;-0.009979248;0.010223389
1385910272938300183;0.039855957;0.017074585;0.002029419
1385910273139716199;0.0049743652;0.03878784;0.03904724
1385910273341132215;-0.101119995;0.061584473;0.043685913
1385910273542544022;2.1312256;-1.6345825;-0.9261627
1385910273743960038;-2.103485;-0.57250977;0.14585876
1385910273945406571;1.801178;-1.4177551;-1.2031555
1385910274146364823;-2.2095795;2.116272;0.4039917
1385910274348208085;0.168396;-0.5721588;-0.16246033
1385910274549624100;-1.3874817;1.9108429;0.042251587
1385910274751040116;-0.8249512;1.0289307;0.11274719
1385910274952486649;-0.019226074;0.29940796;0.39509583
1385910275153872147;-0.60206604;0.99261475;0.1825409
1385910275354159012;0.8270569;-0.8847656;9.613037E-4
1385910275556970379;0.75193787;-1.8980408;-0.6840515
1385910275758355877;3.4916534;-1.0613556;-0.8250427
1385910275959771893;-0.7797241;0.033096313;-0.5936127
1385910276161218426;-2.9494324;1.5437622;0.9323578
1385910276362782677;-0.4450531;0.5386658;0.47911072
1385910276562367637;-0.29586792;0.36990356;0.1825409
1385910276765614708;-0.11500549;0.41619873;0.0030975342
1385910276966985735;1.8499603;-1.1510773;0.14408875
1385910277168432268;1.3215942;-0.7733154;-0.015060425
1385910277369848284;-0.9378052;-0.38986206;-0.5042572
1385910277571264299;-0.77438354;0.10324097;-0.086257935
1385910277772828675;-1.3041687;1.2108765;0.22917175
1385910277974244691;0.07582092;-0.016021729;0.2501831
1385910278175660706;-0.26774597;0.4136963;0.096725464
1385910278377123266;2.5495758;-2.4794617;-0.49606323
1385910278578539281;-0.43330383;1.4241333;0.06112671
1385910278779955297;0.5789032;-2.4324646;-1.1312408
1385910278981371313;-0.7583618;1.5256042;0.47235107
1385910279182787328;-0.15879822;0.23248291;0.27973938
1385910279384199096;-0.15167236;0.29122925;-0.0132751465
1385910279585584594;0.2805481;-0.53726196;0.017684937
1385910279787031127;0.23532104;-0.042373657;0.38975525
1385910279988416625;-0.768692;1.0054321;-0.11402893
1385910280189863158;0.05731201;-1.0709686;-0.11973572
1385910280391279174;0.6721802;-0.360672;0.09565735
1385910280592695190;-0.24923706;0.44680786;-0.30558777
1385910280794111205;0.02027893;-0.29943848;0.046524048
1385910280995527221;-0.058044434;0.38237;0.15226746
1385910281197148427;0.02420044;-0.26489258;-0.02822876
1385910281398564442;-0.16699219;0.20399475;0.033706665
1385910281599980458;-0.004272461;0.0708313;0.28578186
1385910281801396473;-0.025634766;-0.0697937;-0.06062317
1385910282002781971;0.020996094;0.12637329;-0.020401001
1385910282204376785;-0.024215698;-0.04736328;-0.05493164
1385910282405792800;-0.11428833;-0.026351929;-0.0015258789
1385910282607224856;-0.0021362305;0.045196533;0.012710571
