# GeneralV2
LG-P990
7855335860531747840
# ACCELEROMETER
464
42487310620033;-1073761990;1085292510;1090511744
42487381133033;-1073849888;1085332692;1089845606
42487453203033;-1074440058;1085072452;1090014495
42487522562033;-1075228625;1085405836;1089775916
42487591012033;-1074059587;1085816129;1089780939
42487660845033;-1075189699;1085615534;1090693071
42487731767033;-1074671103;1085917211;1089128927
42487800581033;-1076224379;1086113411;1088727423
42487870262033;-1076727907;1086418855;1088850480
42487942287033;-1077237713;1086636716;1089849373
42488012462033;-1080379424;1086378674;1090010728
42488080165033;-1090293683;1087399541;1088414131
42488156842033;-1086340803;1087687720;1085672354
42488222938033;-1066844412;1078337575;1088876535
42488289463033;-1052362892;-1068012194;1093484134
42488362779033;1090702175;1091710172;1091640795
42488432334033;1097617675;1095661954;1075260531
42488499339033;-1056867644;-1057660644;1083864488
42488569353033;-1055939383;-1060473681;1094467645
42488639491033;1096758790;1096820161;1089481145
42488709208033;-1077439877;1041773906;1085324844
42488779502033;-1050776027;-1056692477;1094058921
42488852615033;1094398269;1094545654;1091722258
42488922979033;1054919030;1082424223;1080851446
42488988483033;-1052668964;-1065260647;1089576263
42489059111033;1086409438;1091626041;1096073660
42489132003033;1070321276;1087458244;1089555230
42489204445033;-1057105006;1066191345;1084487620
42489268576033;-1069945941;1076775509;1095651594
42489342799033;1091113410;1094155452;1088345068
42489409236033;-1086521620;1081058634;1074784001
42489482421033;-1055305736;-1080796310;1091080291
42489548154033;1065948998;1089131752;1094015914
42489619020033;1066458804;1088081690;1088177435
42489688857033;-1070000563;1082850841;1088235510
42489758443033;-1073567322;1084579284;1090400617
42489826617033;-1077147304;1085640648;1090940597
42489901434033;-1073204431;1084670949;1090398105
42489972477033;-1075134449;1084612560;1090065664
42490039133033;-1075766056;1084686645;1089999427
42490112604033;-1075158307;1084661531;1090655557
42490180825033;-1075104312;1085219995;1089305036
42490247703033;-1078408006;1085015947;1091018449
42490317258033;-1078742017;1085649751;1090691030
42490389610033;1071917245;1090669684;1091491369
42490459475033;1083786008;1091382439;1090053421
42490527210033;-1056946438;-1078543620;1085491536
42490597248033;-1050785758;-1058835961;1091774996
42490666849033;1089371273;1090779399;1092511296
42490735976033;1096108505;1096592412;1085230982
42490807509033;-1053886817;-1057816662;1089573751
42490877351033;-1060015986;-1069389047;1093563869
42490946533033;1096512991;1097309092;1091382282
42491017062033;-1076612384;1069272783;1084608165
42491086794033;-1050322256;-1054981613;1091954558
42491156831033;1093798054;1093110883;1094293576
42491226556033;1085039177;1086119690;1084977335
42491296446033;-1050242049;-1056661242;1090969320
42491366255033;1082381530;1088247439;1094070536
42491442292033;1081427804;1090718341;1088310851
42491506763033;-1065172750;1081191736;1088647373
42491579736033;-1074036984;1083613352;1090949387
42491646909033;-1080596657;1085999458;1090810948
42491718988033;-1072281506;1083802018;1090548511
42491785882033;-1078505949;1084951593;1091239292
42491856740033;1068418921;1089860360;1092551791
42491927466033;1010941788;1085454179;1089234404
42491997215033;-1056398177;1056229960;1084351692
42492065416033;-1054756219;-1076450401;1091639069
42492135635033;1092629957;1093412874;1092732138
42492205218033;1093364373;1093659458;1080281996
42492275370033;-1052738498;-1056632361;1091263620
42492347690033;-1071718333;-1094613888;1095228273
42492415335033;1098107076;1097775263;1085201788
42492485334033;-1063275417;-1066922264;1088296411
42492555381033;-1051647626;-1057337620;1094027843
42492624822033;1094829909;1094953279;1091560118
42492694711033;1083188305;1084497037;1082380275
42492764917033;-1049985262;-1056993250;1091437532
42492834234033;1091652096;1093020788;1094222944
42492904300033;1089071793;1090922546;1084205719
42492976447033;-1050475135;-1056183927;1085952684
42493044192033;1085116401;1085591676;1097050265
42493117404033;1093916715;1093789735;1087361243
42493183992033;-1052608692;-1062273385;1084510222
42493257112033;-1090258524;1080251859;1092746736
42493328073033;1087785349;1092650990;1090796194
42493394010033;-1072928809;1083877045;1090030819
42493463738033;-1067777382;1083334591;1089749547
42493535348033;-1120367370;1088009802;1089786903
42493606665033;-1081643894;1086759145;1089864127
42493677255033;-1073518351;1085396418;1088790521
42493743372033;-1083801818;1087527935;1089007440
42493814987033;-1084268931;1087229083;1088309282
42493883306033;-1079889709;1086596220;1089608596
42493955426033;-1080402026;1087133651;1089346473
42494023231033;-1083058455;1087329223;1088981384
42494095458033;-1083048410;1086879376;1089282748
42494162958033;1049589924;1089569984;1092073377
42494237347033;1079365977;1091488858;1093651924
42494304995033;-1064725414;1082199771;1091082018
42494373114033;-1056912378;1079214668;1064940022
42494442765033;-1081075071;1082591857;1096702284
42494513878033;-1074565626;1084670321;1087512553
42494582427033;1058556145;1086242118;1076213592
42494652641033;1085680516;1091348850;1076560788
42494725177033;-1074620876;1087387926;1085919723
42494792776033;-1065426121;1079617741;1078675981
42494867366033;1082699531;1089286828;1058490849
42494931821033;-1070082182;1085326414;1084079524
42495002731033;-1069387791;1078289231;-1104042199
42495076889033;1089817667;1089479575;1086523077
42495140850033;-1064738598;1082792138;1083482134
42495212111033;1079102284;1091609246;1084102126
42495281656033;1066870668;1088713924;1086669991
42495351973033;-1072059251;1083170725;1073479311
42495423866033;1087372230;1087470173;1087391066
42495494887033;-1070968692;1082684149;1084096789
42495563614033;1085334576;1092082638;1086820987
42495631434033;1079718195;1090048398;1087088447
42495703492033;-1079338465;1083239474;1078826662
42495771351033;1086536575;1086940276;1085210263
42495840953033;-1076250748;1083362530;1085457318
42495913809033;1081296585;1086926464;1091281200
42495983157033;1057215078;1084988008;1089254495
42496051082033;-1102324429;1084093022;1091518210
42496122889033;1060625505;1085521044;1090887544
42496190841033;1044214948;1084433311;1091241332
42496262733033;1047479716;1084726827;1090514884
42496331235033;-1091539983;1084549462;1089622095
42496401588033;-1093202504;1084416046;1091173525
42496469556033;-1088985265;1085320135;1090951427
42496540210033;-1112460943;1085774692;1091864306
42496610291033;-1089208776;1085504720;1089776544
42496683462033;-1065375894;1081201781;1085587281
42496757985033;-1056217516;1074224595;-1081607479
42496822113033;1075136847;1084299268;-1089638218
42496889591033;1096444399;1093124224;1083106372
42496962418033;-1088362447;1083586041;1083282481
42497032715033;-1072976525;1077710363;1054024986
42497102092033;1086409752;1086397509;1093470949
42497168573033;-1074296910;1083005603;1087286530
42497239325033;-1067857117;1078502069;-1099843205
42497309699033;1090921605;1087584126;1092843109
42497379120033;-1075270062;1084032436;1085549611
42497456895033;-1101962793;1083799821;1070332577
42497518970033;1078306811;1086097087;1089033181
42497592292033;-1079595880;1083985034;1086526844
42497658797033;1066070799;1085310404;1093583489
42497729175033;1065471840;1085723836;1089659452
42497802535033;1057991089;1084231775;1091197226
42497868968033;1050599491;1085284348;1090344739
42497938469033;-1138149130;1085178871;1090547255
42498011782033;-1111757763;1085162234;1089544871
42498078537033;-1119202099;1085223762;1090522455
42498148368033;-1104112517;1085622126;1091247924
42498218793033;-1092017142;1085551494;1091457309
42498288904033;-1063613823;1079737030;1085994749
42498358100033;-1065443700;1078950347;1075453278
42498428414033;1087151859;1092046851;1085826488
42498497896033;1086577385;1091893030;1085253270
42498571795033;-1060531443;1075497855;1082335384
42498637392033;-1077350724;1076917401;1075605215
42498716917033;1084990205;1084972312;1090789758
42498777853033;-1070439423;1082938738;1090015123
42498847944033;-1071133814;1075106083;1081896800
42498917403033;1084850825;1084401605;1092103984
42498987100033;-1081209428;1084482283;1089011207
42499057350033;1063782285;1084768892;1079933544
42499127696033;1081075585;1088177121;1090619143
42499197623033;-1063058499;1079054568;1077378863
42499274932033;1077407116;1086350107;1080270694
42499337035033;1072631727;1086309297;1091547561
42499409346033;-1068204941;1082260985;1075464579
42499476837033;1088873082;1085479293;1092951411
42499546990033;-1087008824;1082227396;1092173988
42499616500033;1067809916;1084350123;1073992922
42499687300033;1083146867;1085615220;1092057681
42499763084033;-1071244942;1080572058;1078753833
42499825616033;1089860046;1089069282;1090771237
42499902825033;1060346744;1083290015;1092031469
42499966666033;1058091543;1082780523;1070740673
42500042193033;1086323110;1085217170;1091835583
42500106698033;-1074158785;1079249199;1084580540
42500181249033;1085090660;1087352767;1089747349
42500247308033;1076401316;1083695285;1089673892
42500315860033;1071614627;1084035889;1091896012
42500388883033;1071748984;1084559507;1091241803
42500456655033;1061594890;1083082200;1091365958
42500527878033;1056360550;1083573171;1090462459
42500599134033;1048303442;1084002927;1090073198
42500665919033;1046414899;1083664521;1091679564
42500736484033;-1120608461;1084517128;1091454641
42500806469033;1060502449;1084973254;1091546776
42500875283033;1060733494;1086023630;1086908884
42500945708033;-1052517184;-1066425014;-1122175549
42501015221033;-1063152675;-1071324050;1093305042
42501085309033;1097554420;1095515667;1089715957
42501155312033;-1071317772;-1066192714;1057257772
42501225245033;-1053049749;-1055982861;1093430924
42501295302033;1095707158;1095421962;1094030197
42501365645033;1051121853;-1070960531;1073146556
42501434919033;-1050773359;-1052793748;1087892710
42501504936033;1093657574;1093347892;1096573263
42501573694033;1079520426;1069508851;1088317444
42501644813033;-1050075514;-1050567898;1087010595
42501714369033;1091100539;1083524513;1097868811
42501786389033;1083742060;1087830240;1090269084
42501854494033;-1050192136;-1054529568;1082501448
42501925100033;1087025349;1074735657;1098545780
42501994035033;1086897583;1089211174;1094191866
42502066456033;-1061410419;1070939071;1084722432
42502133958033;-1078352756;1079179508;1091889577
42502205577033;1061655163;1084664043;1092386983
42502273701033;-1080438441;1083139961;1091441770
42502345340033;-1074010615;1081308514;1090997102
42502416462033;-1083688806;1083135252;1090273479
42502485337033;-1082310070;1083295665;1091219672
42502556687033;-1074977489;1083028833;1090935103
42502622940033;-1085954053;1084392816;1091625727
42502696770033;1069928248;1086683176;1092614889
42502763471033;-1061941885;1067831263;1082480415
42502834888033;-1050680909;-1063781770;1066126049
42502904231033;1082934971;1084922399;1087470487
42502973025033;1097119641;1094885786;1081510051
42503044751033;-1056452328;-1062010006;1082165553
42503112737033;-1059085841;-1063830742;1088677196
42503187317033;1096250868;1093915146;1084048445
42503256803033;1070876287;1083128032;1080462813
42503322855033;-1055094153;-1066151276;1091529197
42503394558033;1092326240;1092881878;1093956112
42503462645033;1072221120;1084376178;1081386994
42503532367033;-1054737383;-1064664199;1085329553
42503602792033;1083784439;1084984241;1095741532
42503676620033;1085352155;1087931008;1089572810
42503745457033;-1081617524;1076625455;1089135833
42503811993033;-1094156820;1080851446;1092167710
42503884379033;-1119001190;1082316235;1092248231
42503955967033;-1085743099;1081059261;1091220770
42504022759033;-1085225759;1081533908;1091749098
42504092068033;-1099140024;1083901531;1092451494
42504162924033;1077827141;1087064903;1094466232
42504233922033;1080982037;1088123441;1087357476
42504305727033;-1052146916;-1057432738;1067850098
42504370280033;-1051414540;-1052062628;1089764301
42504441701033;1092177285;1084770461;1099253393
42504511972033;1099167536;1096913396;1098213181
42504582088033;-1057300892;-1058008781;-1072604844
42504650917033;-1049015093;-1049402627;1075435699
42504721416033;1088095502;1077707224;1095635270
42504791750033;1099281881;1098498535;1099316177
42504861054033;-1063381836;-1064344943;1079514147
42504930892033;-1051236077;-1048922486;1093161267
42505002303033;1093600441;1086373023;1098983500
42505070812033;1097785936;1093838392;1091888949
42505141140033;-1053623752;-1056839549;1085325472
42505210377033;-1062639729;-1071787396;1092119052
42505282683033;1079036989;1085184836;1093144629
42505349998033;1069169818;1084434253;1091845157
42505420465033;-1098662200;1083335847;1092045752
42505489856033;-1084899282;1084024274;1091374905
42505567895033;-1078249791;1084170560;1091302390
42505630581033;-1075572681;1083849734;1090672195
42505700351033;-1078510972;1083711295;1092412097
42505770600033;-1071796813;1083297863;1090793525
42505840297033;-1074706262;1082638003;1091065851
42505912063033;1079750215;1089594470;1093984836
42505979801033;1087960203;1091403629;1090961316
42506049777033;-1054574302;-1055923216;1078473816
42506118437033;-1052598176;-1051777118;1086821929
42506188117033;1091977475;1085570644;1097488497
42506259716033;1099772224;1099125628;1097072239
42506329153033;1032872980;-1078822381;1085588223
42506399938033;-1048684221;-1048792680;1087108538
42506469180033;1075894022;-1098139837;1095654106
42506538376033;1099106557;1098719691;1099696020
42506607702033;1091888164;-1079300795;1091573616
42506677509033;-1050671335;-1048493555;1093316343
42506747487033;-1114811576;-1069221414;1095406423
42506820873033;1098613743;1097784367;1095070685
42506888736033;1043361085;1080306481;1089777485
42506958511033;-1060329592;-1083422602;1092563563
42507028576033;-1078072740;1081085631;1092088916
42507100269033;-1090786575;1082551675;1091872154
42507168122033;-1080113220;1081815809;1091659631
42507237313033;-1073470635;1080406308;1091226892
42507308030033;-1074561859;1079394230;1091163166
42507379941033;-1078915301;1080837006;1091282142
42507448595033;-1091293870;1083467380;1092195335
42507518461033;1070749463;1086575188;1092808578
42507591392033;1088596832;1091729007;1091951576
42507658027033;1089912471;1086628868;1087326712
42507727647033;-1052331344;-1051881025;1075423142
42507797853033;-1053956507;-1049713408;1093218714
42507867434033;1093043861;1071348422;1099557111
42507937271033;1099888767;1097580947;1099415376
42508008435033;1066173765;-1063917698;1084729024
42508078915033;-1048885444;-1048161899;1089737304
42508147063033;1063111752;-1061321893;1095807769
42508218610033;1098924954;1096839468;1100038193
42508286654033;1092149817;1082631411;1093603580
42508357025033;-1050984156;-1049633201;1095704647
42508426739033;1057531510;-1060195862;1094900227
42508497743033;1098910436;1097227787;1094671222
42508567629033;1059693791;-1077354491;1086389661
42508636669033;-1049561627;-1050504015;1098092008
42508707091033;1087986572;1084218904;1094181821
42508776696033;1091470180;1092245876;1084430486
42508846204033;-1067492342;1076737211;1091846256
42508916510033;-1067711459;1078728719;1092119680
42508987485033;-1086064553;1083546173;1089744838
42509057347033;-1082470797;1083186421;1090610667
42509125851033;-1080091873;1083042018;1091344926
42509196309033;-1079089841;1083752105;1089218394
42509267078033;-1083500454;1083304769;1090843752
42509339739033;-1082576274;1084149842;1090693699
42509405594033;1071902177;1088261566;1091585702
42509478378033;1081980931;1088287307;1091371138
42509545617033;-1078264859;1071548076;1089140542
42509615720033;-1048571800;-1050756564;1092362184
42509685414033;1052754237;-1060825272;1097071611
42509754849033;1098881674;1096816080;1099323162
42509825900033;1091235839;1080172751;1084817549
42509895786033;-1050504486;-1049457092;1089753000
42509964674033;-1073621944;-1060175457;1095903044
42510034881033;1098224012;1096583466;1097526795
42510106077033;1096646721;1091501729;1086651470
42510175451033;-1053410914;-1051873334;1084287339
42510244307033;-1054599259;-1052260241;1095891429
42510317451033;1095873850;1094258103;1099333207
42510384406033;1092943720;1089911843;1086393114
42510454557033;-1051020728;-1051495532;1092887215
42510526920033;-1076982810;1046907126;1093431709
42510596227033;1090785520;1092657896;1089668555
42510664052033;1065557226;1085176988;1091291559
42510736741033;-1063900118;1074862481;1093087496
42510804000033;-1071933055;1080226746;1091667165
42510875498033;-1080645628;1082096453;1090633269
42510948160033;-1081490701;1081796973;1091026925
42511016688033;-1078831171;1082182191;1091353559
42511085947033;-1073646430;1081412735;1090280699
42511154336033;-1078399217;1081183574;1091273509
42511223946033;-1095317069;1084041539;1091336136
42511293993033;1070600037;1087200516;1092702630
42511365792033;1079565002;1088248067;1091677053
42511433629033;1079583210;1085336773;1089847176
42511503092033;-1054824496;-1056960722;1082726528
42511573673033;-1051998431;-1048487120;1095405795
42511644567033;1094496996;1086679409;1099565430
42511714223033;1099987181;1097502310;1095241772
42511783708033;-1061530336;-1056499416;1084623547
42511854321033;-1051830798;-1050620166;1094962226
42511921484033;1095164233;1092780325;1093626967
42511992940033;1098551116;1094838228;1078848009
42512062529033;-1060528303;-1053841142;1096376122
42512132738033;-1055615575;-1051043801;1090558242
42512204541033;1095629620;1092622109;1074614484
42512273021033;1092264240;1094969289;1098882145
42512342317033;-1057042222;-1056683216;1082623876
42512412430033;-1052730022;-1053346875;-1051865643
42512486613033;1092550222;-1081319928;1094067868
42512554563033;1078224564;1081085631;1091433451
42512621899033;-1069829791;-1085989212;-1052822157
42512694240033;-1068953954;-1059477299;-1081665240
42512761743033;1090053735;1083311989;1098598204
42512834089033;1082608808;1085116401;1083320779
42512903376033;-1072591659;1075589519;-1059374961
42512977103033;1069186141;1083640977;1088203177
42513041489033;-1090882007;1087288414;1093950776
42513117424033;-1083834465;1087359674;1089709679
42513180820033;-1093287890;1086870586;1087891768
42513251280033;993682391;1086266290;1090216032
42513323082033;-1094252252;1086127224;1089137403
42513392786033;-1086205189;1085699351;1090988784
42513461186033;1062217708;1089282120;1097670885
42513531184033;1074685430;1088252776;1094855179
42513603665033;-1055507115;-1061196325;1099192807
42513669789033;1083295665;-1058270591;-1068226915
42513741333033;1097149464;1095289801;-1048293588
42513811045033;1090598895;-1079340977;-1063712708
42513880772033;-1050642454;-1048494026;1092891767
42513951326033;1083092873;-1070480861;1086492940
42514020352033;1099299304;1098080864;-1053999514
42514090828033;1090935731;1085354980;1079232875
42514160137033;-1051132012;-1050199199;1095977443
42514230534033;1084349495;-1072976525;1087124861
42514300097033;1099358713;1098116651;-1050643239
42514372260033;1092806066;1071986308;-1069917060
42514440144033;-1052672104;-1050434168;1098230447
42514510359033;1091130832;1074372765;1087040417
42514579704033;1093394980;1086837939;-1049974746
42514654155033;-1086634632;-1056329115;-1054669577
42514719777033;-1065172750;-1050688757;1094071478
42514789590033;1067452047;-1080977128;1099983571
42514859192033;1078666563;1084450263;1092589462
42514929495033;-1122778276;1080174007;1086587744
42514999009033;-1131608883;1082070712;1089973685
42515069642033;1059653609;1083327685;1091772328
42515138866033;1047570125;1083727619;1090455867
42515209680033;1036288430;1083469263;1089515362
42515279346033;1044677038;1083395492;1090950014
42515347861033;1072002632;1085218425;1093802448
42515419447033;1091388718;1092277425;1094262969
42515489292033;1074804719;1060843994;1083083141
42515558397033;-1049122924;-1049040834;1082847074
42515629978033;1083505678;-1080732270;1097234222
42515699594033;1099318845;1097555990;1096461508
42515768885033;-1070720696;-1061359564;1085608942
42515838837033;-1049346435;-1048979620;1072838915
42515912813033;1090825702;1083321407;1098499633
42515981636033;1099566450;1092002902;1092581928
42516052906033;1068724051;-1065499578;-1053471972
42516117982033;-1049129987;-1048551081;-1055592344
42516187982033;1081186085;1066437458;1096357443
42516257740033;1099231497;1098771174;1096594296
42516328310033;-1114711122;-1063560143;-1097366339
42516402495033;-1048872730;-1048195724;-1081667752
42516471534033;1090544901;1073813360;1098182731
42516542447033;1099650894;1094990793;1096433098
42516607753033;-1070407404;-1061159596;-1111958671
42516677681033;-1049300132;-1049763007;-1057239991
42516747584033;1091005421;1075541176;1094502176
42516817018033;1091408965;1089763045;1099264223
42516889476033;-1130885612;1080344780;1094184803
42516957582033;-1076741719;1078811594;1090783323
42517032314033;-1086968643;1080260649;1091481324
42517097232033;-1100897976;1079872016;1091837152
42517167864033;-1098456269;1081145276;1090978895
42517236712033;1041020498;1082127845;1091966644
42517306725033;1085279954;1088028637;1093032089
42517376439033;1077908132;1084169932;1089717213
42517446989033;-1050422239;-1052557994;1087314783
42517516493033;-1071988932;-1058506972;1097483631
42517586008033;1098324466;1096605283;1092912485
42517656639033;1074125396;-1069961009;1084863382
42517726577033;-1049088079;-1048338557;1094259987
42517796008033;1091852377;1083884265;1099840659
42517866633033;1099595644;1096124515;1090356354
42517936496033;-1056544621;-1053898118;1086784572
42518006119033;-1053808337;-1049890145;1091458565
42518076205033;1096310355;1093736368;1098057006
42518147895033;1087519145;1050036946;1088850166
42518215668033;-1049969723;-1048734291;1095373304
42518285828033;1089016543;1070573668;1096863325
42518355316033;1098771017;1092661506;1083867628
42518425568033;-1053073921;-1051139546;1093778120
42518495670033;1083136822;1020776940;1094820805
42518565902033;1092662134;1092116541;1086339748
42518637138033;-1051403082;-1061585586;1094483184
42518707019033;1051458376;1085596071;1090746280
42518778145033;1073705334;1086804977;1090599523
42518845016033;-1066458290;1073820266;1092539391
42518917193033;-1075506130;1082236813;1090709866
42518984786033;-1082051990;1083292840;1090883149
42519057350033;-1076935094;1081837155;1091281671
42519126032033;-1081221985;1082843934;1091014368
42519196891033;-1081260911;1083132113;1090989725
42519268194033;-1079784232;1082584009;1091032889
42519334367033;-1081776996;1083064934;1091092534
42519410358033;-1084939464;1083352799;1090991138
42519474197033;-1081381457;1082994302;1090913757
42519546918033;-1081901308;1083116731;1091096458
42519614012033;-1086524132;1083472716;1090983290
42519686131033;-1084005238;1083118300;1091343513
# GYRO
464
42487310620033;-1128269680;1047176894;1049021151
42487381133033;-1106816389;1038716368;1049450315
42487453203033;-1257309643;1040882458;1048949626
42487522562033;1032853796;-1120443760;1038431272
42487591012033;1049343466;-1103310137;1035570151
42487660845033;1054600771;1024461649;1018650494
42487731767033;-1117874242;1036999711;1048591986
42487800581033;1031852454;-1257309643;1042885732
42487870262033;-1115062895;-1116438248;1045389194
42487942287033;-1257309643;-1107244159;1041526696
42488012462033;1042886608;-1109337902;1046462132
42488080165033;-1112630957;1049557360;-1096352527
42488156842033;-1077366954;1067881516;-1083851032
42488222938033;-1097747762;-1103310137;-1073091090
42488289463033;1076158473;-1081068354;1083581395
42488362779033;1074718972;1074173486;1066299022
42488432334033;-1084334063;1045531743;-1062500758
42488499339033;1062220206;-1063493193;-1074317963
42488569353033;-1080862887;1080266775;1088858819
42488639491033;1056067084;-1091130743;-1069309047
42488709208033;1051703889;-1066461308;-1064157078
42488779502033;-1082992913;1076980959;1089051050
42488852615033;1074794970;-1072407073;-1073551552
42488922979033;-1090503353;-1074103321;-1067350969
42488988483033;-1069568391;1072155313;1086093816
42489059111033;1071386559;-1076106101;-1081247239
42489132003033;1062917604;-1083546914;-1074434197
42489204445033;-1080719829;-1094456790;1070572819
42489268576033;1070492459;1055386888;1076153948
42489342799033;1066889237;-1104096923;-1072885447
42489409236033;-1073694661;-1088392931;-1069429752
42489482421033;-1080523126;1064902162;1077481686
42489548154033;1064169340;1024747818;1064723467
42489619020033;1040383128;-1116152151;-1089072579
42489688857033;-1101594837;-1257309643;-1100020335
42489758443033;-1115871558;-1114917094;-1257309643
42489826617033;-1120166812;-1112058261;-1105456602
42489901434033;-1257309643;-1114348258;-1257309643
42489972477033;1019233699;-1257309643;-1257309643
42490039133033;-1115881209;-1119333540;-1115070187
42490112604033;1042532417;-1111790965;1032721863
42490180825033;-1093278835;-1101318337;1042248571
42490247703033;1053564909;-1257309643;-1111356099
42490317258033;-1120173532;-1122201023;1033295667
42490389610033;1057410599;-1099600839;-1096749530
42490459475033;1057804005;1023643961;-1068594217
42490527210033;-1101597429;-1078306858;-1071611805
42490597248033;-1092885156;1072558927;1084196314
42490666849033;1064706452;1059110935;1070117729
42490735976033;1031857672;-1092673665;-1063245321
42490807509033;1066362044;-1069939991;1063294712
42490877351033;-1083386972;1075475035;1083510092
42490946533033;1058555048;1033729711;-1071839800
42491017062033;1029913734;-1074506933;-1065042461
42491086794033;-1076204952;1076002555;1087430720
42491156831033;1070859366;-1079871528;-1086803362
42491226556033;-1103886335;-1079022136;-1062690980
42491296446033;-1079146539;1066166113;1083194923
42491366255033;1062185091;-1257309643;1071190647
42491442292033;1027910907;-1093210125;-1085140339
42491506763033;-1093421616;-1106825164;-1108065797
42491579736033;-1107033553;1039738049;1048667112
42491646909033;1036005053;-1109643695;-1097858373
42491718988033;-1105173221;-1104679002;-1124889409
42491785882033;1052241528;-1101674279;-1111928617
42491856740033;1057178073;-1115078766;-1086463639
42491927466033;1065736140;-1091206914;-1073055784
42491997215033;-1090667666;-1085999070;-1089485703
42492065416033;-1123033723;1062937465;1081362539
42492135635033;1073793727;1042036196;-1095497862
42492205218033;-1081936097;1040391045;-1063904724
42492275370033;1063204305;-1072152834;1066308881
42492347690033;1052062699;1075653802;1083570448
42492415335033;1042030620;-1098145123;-1067463191
42492485334033;1065798729;-1067521398;-1071339114
42492555381033;-1080997292;1076606019;1087694483
42492624822033;1065825555;-1104964581;-1080810048
42492694711033;-1090432414;-1078798503;-1062983801
42492764917033;-1079817083;1068356551;1083590566
42492834234033;1069670183;-1085069208;-1082088612
42492904300033;1026765443;-1088270091;-1062272992
42492976447033;-1077197369;1061399618;1083253043
42493044192033;1070474873;1053460285;1067685795
42493117404033;1049666515;1059879648;-1062865333
42493183992033;1057052896;-1073498455;1075814650
42493257112033;-1103743036;1065423904;1074182917
42493328073033;1055925215;1029362699;-1079880185
42493394010033;1036721048;-1092708999;-1089700285
42493463738033;-1126571824;1039450271;1057340039
42493535348033;1040671567;1024498823;-1098645097
42493606665033;1051097075;-1102818723;-1093709661
42493677255033;1040154363;-1257309643;1045253509
42493743372033;1043532705;-1115507912;-1130038024
42493814987033;-1101668613;-1114649905;-1110355651
42493883306033;1036005053;-1257309643;-1123343412
42493955426033;-1117307837;1020436139;1037302644
42494023231033;-1106174081;1042322133;-1257309643
42494095458033;-1102740729;-1113933946;-1113503405
42494162958033;1060968827;-1088037579;-1105249803
42494237347033;1086929871;-1060686005;-1070829513
42494304995033;1082973480;-1068245608;-1073690632
42494373114033;-1054577116;1095682886;1081501160
42494442765033;-1064038682;1096157876;1073256111
42494513878033;1052312597;-1069846047;-1111500614
42494582427033;1092303090;-1043767205;1060594709
42494652641033;-1054879993;1100130680;-1076911845
42494725177033;-1061494968;1093447636;-1072345011
42494792776033;1093084309;-1046755175;1076217030
42494867366033;-1052711801;1100621877;-1097643988
42494931821033;-1068124512;1091238092;-1080524008
42495002731033;1091519635;-1044315400;1082059971
42495076889033;-1052739741;1102550896;-1077832767
42495140850033;1082857247;-1058558047;1064725446
42495212111033;1082463843;-1057831592;1062722668
42495281656033;-1062406951;1095823707;-1078950392
42495351973033;1088981831;-1046351712;1076275147
42495423866033;-1054142360;1101626621;-1082815858
42495494887033;1081992564;-1059440970;1065136734
42495563614033;1083018185;-1055551784;1057679941
42495631434033;-1062301894;1096886568;-1077805946
42495703492033;1091196642;-1046056659;1074384125
42495771351033;-1055504745;1100552026;-1081686338
42495840953033;1077329834;-1060969881;1049847685
42495913809033;-1084566897;1068374412;-1098859966
42495983157033;-1081140236;1077522459;-1089253378
42496051082033;1068471976;-1065333088;1053674421
42496122889033;-1087016725;1074656870;-1104963706
42496190841033;1059305804;-1086517609;-1110499200
42496262733033;1033285909;1049096991;-1091957518
42496331235033;-1095316539;1021580672;-1257309643
42496401588033;1055817473;1051457414;-1257309643
42496469556033;-1092419648;1052101160;1040163764
42496540210033;1033142860;1073811945;-1100457434
42496610291033;-1104314356;1078117036;-1097822817
42496683462033;1033142860;1080893215;-1103890786
42496757985033;-1096031811;-1066953634;1077227363
42496822113033;1090267100;-1045838722;1086820518
42496889591033;-1058374560;1100348059;-1065831495
42496962418033;1063043143;1078255621;-1079424264
42497032715033;1081268343;-1049566903;1078304753
42497102092033;-1059317836;1099781982;-1077385717
42497168573033;1075975273;1060416059;-1088824209
42497239325033;1077146544;-1049155618;1078394162
42497309699033;-1061313914;1098333892;-1071021744
42497379120033;1056640040;1082356748;-1091778698
42497456895033;1084506861;-1047703479;1076185736
42497518970033;-1061957665;1096419401;-1080255780
42497592292033;1073780258;-1058218289;1055712974
42497658797033;-1091382490;1079015606;1032438768
42497729175033;1052562950;-1081480783;-1085820036
42497802535033;1061094004;-1082297457;-1095104754
42497868968033;-1098606824;1062454612;-1121335867
42497938469033;1052098015;-1115221457;-1108067262
42498011782033;-1098034602;1043180444;1025925952
42498078537033;1049952246;1024499824;1032293753
42498148368033;-1081310136;1076753560;1043679471
42498218793033;-1072045147;1088181821;-1086892710
42498288904033;1073049786;-1087358164;1046826725
42498358100033;1083156775;-1050578361;1076436023
42498428414033;1083731234;-1056496183;1045181573
42498497896033;-1053801488;1101715476;-1071044036
42498571795033;1083156775;-1061680704;1067283401
42498637392033;1082369967;-1050499009;1075841446
42498716917033;-1056222262;1099500343;-1075919274
42498777853033;-1096675638;1082850751;-1084281939
42498847944033;1085886014;-1048319294;1074004072
42498917403033;-1059793948;1098146137;-1078896624
42498987100033;1068185881;1073229426;1051814214
42499057350033;1088186086;-1047862185;1074299125
42499127696033;-1055134813;1101718828;-1079477789
42499197623033;1082689608;-1056720825;1070627336
42499274932033;1084685685;-1049335562;1074705940
42499337035033;-1061273683;1098280252;-1115895864
42499409346033;1081791402;-1051299228;1067265520
42499476837033;-1062219194;1094396505;-1075436458
42499546990033;1055746011;1084417661;1066228362
42499616500033;1085950837;-1046909409;1072245654
42499687300033;-1056762075;1100536382;-1087429170
42499763084033;1081921045;-1053587006;1065100730
42499825616033;-1080210392;1053317353;-1081346458
42499902825033;-1076803873;1091850558;1053173249
42499966666033;1086923170;-1046118132;1074500298
42500042193033;-1055752860;1101104694;-1083620306
42500106698033;1078702287;-1059228636;1059825540
42500181249033;1076131750;-1057187852;-1098954385
42500247308033;-1076794930;1086657381;-1257309643
42500315860033;1059824423;-1066716724;1043464898
42500388883033;-1092884655;1075609112;-1098323023
42500456655033;1060021124;-1095248366;-1102673834
42500527878033;-1257309643;1060916868;-1123906957
42500599134033;-1092026326;1047186456;1033581265
42500665919033;1054637338;1059343246;-1109638905
42500736484033;-1089645422;1068624813;1030499798
42500806469033;1041028474;1076614975;-1103818278
42500875283033;1056067889;1081639815;-1069689475
42500945708033;1049380024;-1059606393;-1112786159
42501015221033;1053206777;1072907550;1086840605
42501085309033;1069562798;1062436834;-1067865511
42501155312033;1048109750;-1065876271;-1063278842
42501225245033;-1077054220;1075010065;1089683843
42501295302033;1067077196;1062758712;-1063877889
42501365645033;-1101596428;-1072166263;-1058200356
42501434919033;1062703424;-1080050277;1090303007
42501504936033;1084618629;-1064718408;-1066850708
42501573694033;1075264473;-1064293711;-1056601207
42501644813033;-1064248800;1082305350;1090633431
42501714369033;1075264473;-1068782094;-1073060231
42501786389033;1069571738;-1077591502;-1061264882
42501854494033;-1059639716;1081604051;1090775369
42501925100033;1071538756;-1066318850;-1091849740
42501994035033;1069196217;1057018590;-1073028938
42502066456033;-1077966201;-1097322673;1062382668
42502133958033;-1094386740;1054390273;1045682280
42502205577033;1048593228;-1121626468;-1108208345
42502273701033;1043675003;1023927629;-1098787950
42502345340033;1037434791;1048187851;-1111927794
42502416462033;1045177105;1028219309;-1103961327
42502485337033;1035718169;1034300762;-1103746754
42502556687033;-1113635552;-1112218146;1046898249
42502622940033;-1091382562;1064850904;1052350674
42502696770033;-1074041106;1086355623;-1082061739
42502763471033;1066451329;1069456327;-1070181230
42502834888033;1076171984;-1058075247;1083641964
42502904231033;1074696720;-1080542030;1079364200
42502973025033;-1078851360;1083007219;-1061580053
42503044751033;1070179725;-1062874328;-1074926824
42503112737033;1084406281;-1064351828;1088105758
42503187317033;-1079629227;1078282470;-1070489694
42503256803033;-1095030504;-1091207039;-1065344212
42503322855033;-1089716946;1065575932;1084654532
42503394558033;1034287609;1077701306;-1077689589
42503462645033;-1117880676;1059271722;-1067047409
42503532367033;1036433413;-1068375279;1085515104
42503602792033;1066934141;1060809573;1073273869
42503676620033;-1082975434;1072952257;-1093423349
42503745457033;-1092813131;1026216553;1057179002
42503811993033;-1093027713;1058520679;1061363391
42503884379033;1040241669;1050706586;1060004360
42503955967033;-1100308934;1042322544;1061327629
42504022759033;1043746527;1058985611;1062633012
42504092068033;-1098070436;1058949848;1061899847
42504162924033;1068480935;1063509754;1040889893
42504233922033;1070197606;1058788909;-1067789512
42504305727033;-1091382562;-1078762772;-1070351108
42504370280033;-1069063326;1078944104;1088315871
42504441701033;-1078994416;1066890260;1078353867
42504511972033;1079502506;1064099862;-1069045723
42504582088033;1070743007;-1071687919;-1068777493
42504650917033;-1068254164;1069715616;1087408360
42504721416033;-1071325397;1067686008;1078188459
42504791750033;1076167514;-1116190326;-1068321502
42504861054033;1075836697;-1068205400;-1064000827
42504930892033;-1071472923;1077576133;1089281498
42505002303033;-1093778755;1070350427;1075139579
42505070812033;1070349604;-1087072057;-1063817537
42505141140033;-1085568328;-1074801911;1061148805
42505210377033;-1076857516;1057912690;1077120009
42505282683033;1041886803;1043896171;1059646716
42505349998033;-1100881148;-1257309643;1036442349
42505420465033;1054530033;1044897549;1055962836
42505489856033;1054243926;1047472571;1050562474
42505567895033;1056675873;1054712150;1051027409
42505630581033;-1090289169;1043252433;1057339941
42505700351033;-1113921650;1056393064;1047255871
42505770600033;1032857013;-1108641745;1058001573
42505840297033;-1098463838;1047186456;1058734734
42505912063033;1064795617;1043180873;1040746826
42505979801033;1075456704;-1106180801;-1066072841
42506049777033;1064420091;-1072090264;-1076625612
42506118437033;-1068334632;1077164847;1086930017
42506188117033;-1083690714;1071941923;1076726606
42506259716033;1077231492;-1101459956;-1065138569
42506329153033;1075032008;-1073556587;-1060596542
42506399938033;-1072733605;1058180925;1084140425
42506469180033;-1070131773;1068749987;1081675448
42506538376033;1078635230;-1086160071;-1068661260
42506607702033;1072593795;-1074712501;-1058772579
42506677509033;-1078583130;-1108784794;1083016094
42506747487033;-1073542764;1073879029;1083843136
42506820873033;1065691344;-1113219488;-1089557129
42506888736033;-1097319393;-1079826752;-1073636925
42506958511033;-1081328017;1060326761;1064135097
42507028576033;-1112348041;1050599290;1031072065
42507100269033;1027624237;-1118765134;-1257309643
42507168122033;1050846587;-1257309643;1032434658
42507237313033;1037721854;1034015344;1048399243
42507308030033;1045177570;-1121341872;1049667837
42507379941033;-1107628143;1049848436;1057196615
42507448595033;1051776450;-1257309643;1058448355
42507518461033;1059645715;1026504152;1044250630
42507591392033;1071494109;-1110788301;-1079182601
42507658027033;1059645715;1049526567;-1061481667
42507727647033;1053743479;-1064409956;1057965543
42507797853033;-1067860791;1076020422;1089124997
42507867434033;-1072384936;1074692685;1083223938
42507937271033;1080816862;-1087411910;-1064470197
42508008435033;1076802355;-1076733213;-1056148552
42508078915033;-1070784497;1071164104;1085553069
42508147063033;-1071271781;1072424785;1084270035
42508218610033;1073720419;-1125476760;-1076428776
42508286654033;1076547536;-1080202320;-1060493688
42508357025033;-1108629557;-1087626488;1081362447
42508426739033;-1080630680;1076311004;1085933061
42508497743033;1074200525;-1087286733;-1072841109
42508567629033;1072549148;-1064698302;-1062176830
42508636669033;-1079298471;1074916210;1084118038
42508707091033;1057499879;1068902032;1076006788
42508776696033;-1114208712;-1093853765;-1077912980
42508846204033;-1083690834;1038450109;-1121327646
42508916510033;1034574671;1050420667;1058877524
42508987485033;-1257309643;1041679182;1034723547
42509057347033;-1124849947;-1110074093;-1111924220
42509125851033;1043603604;1032156710;1029348115
42509196309033;-1093707293;-1102676836;1019263867
42509267078033;1048593291;-1097180080;-1099095628
42509339739033;-1093707293;-1113936591;-1108777002
42509405594033;1048038351;-1116480069;-1081212118
42509478378033;1060003274;-1092959924;-1070829340
42509545617033;1060968899;-1086339119;-1064432175
42509615720033;-1083261576;1058199029;1082211348
42509685414033;-1076088609;1076615031;1087354657
42509754849033;1080101561;-1107785204;-1070726518
42509825900033;-1099593779;-1099887223;-1057827013
42509895786033;-1108342708;-1081489889;1080665003
42509964674033;-1081927078;1076431741;1084368364
42510034881033;1076753157;1044254705;-1089342095
42510106077033;-1097355218;-1099744174;-1059693446
42510175451033;1066585459;-1065190074;1050847687
42510244307033;-1078601029;1077544895;1086156564
42510317451033;1073407441;1060148169;1060737074
42510384406033;1043245981;-1073827455;-1061372119
42510454557033;-1112348291;-1079540750;1078139172
42510526920033;-1096425356;1057716208;1077294247
42510596227033;-1086945272;1059987230;-1101885206
42510664052033;-1092026389;-1083567409;-1086606147
42510736741033;-1096604176;1051565362;1050740400
42510804000033;1031626817;1044326229;1044822128
42510875498033;1028479599;1022735644;1038584615
42510948160033;-1257309643;-1106969750;1034290647
42511016688033;1045178321;-1117343367;-1122178432
42511085947033;-1107105310;1024222305;-1123609064
42511154336033;1036722013;1034734198;1039297607
42511223946033;-1111206045;-1113652995;-1257309643
42511293993033;1054781003;-1106039879;-1089556392
42511365792033;1066397835;-1091565751;-1075570204
42511433629033;1060736708;-1093640067;-1068214025
42511503092033;-1087535652;-1073570133;-1068325788
42511573673033;-1071195830;1083818682;1090461618
42511644567033;-1085675919;1068428380;1078076512
42511714223033;1075041024;-1084855229;-1063135693
42511783708033;1077920027;-1063303562;-1064930599
42511854321033;1030486858;1072067366;1090041391
42511921484033;1068937080;1069072133;1052313437
42511992940033;1058304752;-1067610958;-1057730860
42512062529033;1077312039;-1062485461;-1060857974
42512132738033;1080740911;1091283955;1089601047
42512204541033;-1068982933;1058449687;-1071884305
42512273021033;1090854670;-1062726868;-1061783367
42512342317033;1084502434;1064189808;-1067132164
42512412430033;-1049551179;1085890759;1091234667
42512486613033;1079927279;-1060469266;-1068021794
42512554563033;1084708077;1075569012;-1078788964
42512621899033;-1067141088;1068803901;-1095424666
42512694240033;-1056346337;-1062074176;1084949492
42512761743033;1083109873;1078000964;-1126577972
42512834089033;1082763410;1065262728;-1074425757
42512903376033;-1070203378;1060112710;1061022900
42512977103033;-1071343357;1048883687;-1090775337
42513041489033;1053529263;1042682347;-1123895162
42513117424033;-1122177217;1049169802;-1118745117
42513180820033;-1090217997;-1109362065;1032286819
42513251280033;-1128297418;-1126077551;-1123888942
42513323082033;-1082815129;1055822888;1044033393
42513392786033;-1079772599;1064780403;-1123033723
42513461186033;1077937989;-1073619430;1038866852
42513531184033;1092631713;-1053760302;-1067275172
42513603665033;1086431495;1065558562;-1072000490
42513669789033;1084303537;1088242301;1079341615
42513741333033;-1054638628;1083494632;-1094208304
42513811045033;-1050552592;1088427827;-1057373196
42513880772033;1088105697;-1064868298;1081161108
42513951326033;1087294301;-1114229087;1086447086
42514020352033;-1065245800;1077084632;-1068857729
42514090828033;-1072800820;1074844914;-1059056339
42514160137033;1086594668;-1065402654;1078080934
42514230534033;1087077482;1074402334;1084173837
42514300097033;-1069935230;-1089469269;-1070726397
42514372260033;-1060826711;-1072765566;-1057619074
42514440144033;1082678510;1074160926;1080007719
42514510359033;1091848258;1077196395;1071655082
42514579704033;-1066081660;1051566961;-1071343327
42514654155033;-1054022817;-1080140199;-1074175310
42514719777033;-1057158668;1066059260;1082504106
42514789590033;1074839934;1063653835;1069643361
42514859192033;1071083083;-1097217441;-1090667666
42514929495033;1048666013;-1112512465;-1104458299
42514999009033;-1101456113;1032163358;-1257309643
42515069642033;1053029316;1041468451;-1120747015
42515138866033;1049166800;-1123360069;-1101025501
42515209680033;-1091383929;1038314745;-1101597732
42515279346033;-1106391531;1043399700;-1104315804
42515347861033;-1104603331;1052675715;-1257309643
42515419447033;1070242653;1068714750;-1071575827
42515489292033;1060021803;1069286977;-1057294980
42515558397033;-1081328358;-1087895683;1084683491
42515629978033;-1112496558;-1101607223;1086411339
42515699594033;1080589008;1028522349;-1064836711
42515768885033;1079659143;-1079371289;-1057829204
42515838837033;-1067583760;1060220524;1088492357
42515912813033;1074035256;1079878703;1082423654
42515981636033;1088107938;1074362107;-1071544533
42516052906033;1074786300;-1076277705;-1064175078
42516117982033;-1062728916;-1064032318;1077325454
42516187982033;-1073180825;1074120700;1083758097
42516257740033;1078854454;1042040682;-1066318521
42516328310033;1075157351;-1084551750;-1056654803
42516402495033;-1068169395;-1067307094;1089001993
42516471534033;-1072394017;1082750297;1084370556
42516542447033;1083653085;-1088146032;-1065607711
42516607753033;1076435914;1043328175;-1061387721
42516677681033;-1067673170;-1071639008;1085599943
42516747584033;-1074023562;-1086411475;1068919207
42516817018033;-1085765709;1068455463;-1088948345
42516889476033;1045322871;1040824695;1038295765
42516957582033;-1114213216;1040467055;-1257309643
42517032314033;-1112067340;1043828882;-1257309643
42517097232033;1049452916;-1111368252;-1115640917
42517167864033;-1102529033;-1112226617;-1094280105
42517236712033;1051348411;-1098111604;-1106247053
42517306725033;1059503224;-1101678747;-1078234596
42517376439033;1058197841;1067418307;-1063774967
42517446989033;1066183438;-1064369840;1071950203
42517516493033;-1087571790;1078305087;1087296498
42517586008033;1067953757;1048478167;-1064883652
42517656639033;1066281791;-1079621635;-1057692854
42517726577033;-1074560024;1071361288;1087674255
42517796008033;1065897329;1071262935;1078988480
42517866633033;1066433787;-1090184576;-1060232098
42517936496033;1077200370;-1064758775;-1080317846
42518006119033;-1072183903;1075698786;1090698204
42518076205033;1068338219;1057109055;-1073328262
42518147895033;-1102099851;-1084247758;-1057442506
42518215668033;-1078887464;1071620575;1086549925
42518285828033;1066406963;1072881258;1085798880
42518355316033;-1082993994;-1105183623;-1056787801
42518425568033;1040458977;-1080783968;1079985402
42518495670033;1038441673;1076668884;1083333401
42518565902033;-1085980291;-1077493679;-1063350271
42518637138033;-1082582715;1065424463;1073802702
42518707019033;-1090021622;1062223302;1068078753
42518778145033;-1087088978;-1090041523;-1081274532
42518845016033;1044965231;-1114086288;1049988661
42518917193033;1032290250;-1105183623;1049344914
42518984786033;1046681906;-1098504997;-1112493699
42519057350033;1049131038;-1095965764;1032859622
42519126032033;1032859872;-1115088988;-1257309643
42519196891033;1040012673;-1106042613;-1113922043
42519268194033;1037723462;-1107509543;1025906221
42519334367033;1027337639;-1117933649;1018672513
42519410358033;1033997400;-1112812109;-1114923063
42519474197033;1027039102;-1115245263;-1119313452
42519546918033;1037711952;-1112827444;-1257309643
42519614012033;-1105597256;-1112256106;-1114784804
42519686131033;1043455676;1018874683;-1112209817
